> normal_prior <- 'F = 1-586
+ PRIOR = (1-586, a1, norm, 2.6, 1)' 
> normal_model <- mirt.model(normal_prior)
> twoPL_run16_29_models_all_words_normal_prior <- mirt(lang_acq_run16_29_models_all_words_tsv, normal_model)
Iteration: 312, Log-Lik: -2944.268, Max-Change: 0.00010
> coef( twoPL_run16_29_models_all_words_normal_prior, IRTpars=TRUE, simplify = TRUE)
$items
                 a      b g u
about        3.048 -0.495 0 1
above        3.288 -0.158 0 1
after        2.378 -0.495 0 1
airplane     2.643  3.481 0 1
all          2.661 -0.495 0 1
alligator    2.643  3.481 0 1
animal       2.510  1.122 0 1
ankle        2.643  3.481 0 1
another      3.420 -0.158 0 1
ant          2.643  3.481 0 1
any          3.039 -0.495 0 1
apple        2.821  0.890 0 1
applesauce   2.643  3.481 0 1
arm          2.792  1.648 0 1
around       3.417  0.184 0 1
asleep       2.169  0.953 0 1
at           2.723 -1.004 0 1
aunt         2.264  1.811 0 1
awake        1.678  1.061 0 1
away         3.366  0.012 0 1
baby         2.541  0.910 0 1
back         2.132 -0.323 0 1
backyard     2.643  3.481 0 1
bad          3.458 -0.329 0 1
ball         2.944  1.076 0 1
balloon      2.643  3.481 0 1
banana       2.643  3.481 0 1
basement     2.264  1.811 0 1
basket       2.643  3.481 0 1
bat          2.436  1.748 0 1
bath         2.695  0.536 0 1
bathroom     2.791  1.090 0 1
bathtub      2.643  3.481 0 1
beach        2.541  0.910 0 1
beads        2.643  3.481 0 1
beans        2.643  3.481 0 1
bear         2.643  3.481 0 1
bed          3.187  0.699 0 1
bedroom      2.791  1.090 0 1
bee          1.950  0.991 0 1
before       2.311  0.021 0 1
behind       2.106  0.382 0 1
belt         2.800  1.646 0 1
bench        2.773  0.710 0 1
beside       3.321  0.696 0 1
better       2.678  0.188 0 1
bib          2.643  3.481 0 1
bicycle      2.437  1.748 0 1
big          2.916 -0.157 0 1
bird         2.800  1.646 0 1
bite         2.792  1.648 0 1
black        2.081  0.383 0 1
blanket      2.522  1.367 0 1
block        2.643  3.481 0 1
blow         1.650  1.337 0 1
blue         1.977  1.223 0 1
boat         2.643  3.481 0 1
book         2.805  0.360 0 1
boots        2.437  1.748 0 1
bottle       2.800  1.646 0 1
bowl         2.800  1.646 0 1
box          2.939  0.531 0 1
boy          2.459  0.192 0 1
bread        3.005  1.292 0 1
break.       2.674  1.339 0 1
breakfast    3.250  0.871 0 1
bring        3.236  0.013 0 1
broken       1.792  2.060 0 1
broom        2.643  3.481 0 1
brother      2.813  0.360 0 1
brown        2.643  3.481 0 1
brush        3.012  1.292 0 1
bubbles      2.643  3.481 0 1
bucket       2.643  3.481 0 1
bug          2.643  3.481 0 1
build        2.904  0.706 0 1
bump         2.072  0.968 0 1
bunny        2.643  3.481 0 1
bus          3.260  1.054 0 1
butter       2.094  1.195 0 1
butterfly    2.643  3.481 0 1
button       2.773  0.710 0 1
buy          2.907 -0.157 0 1
by           2.984  0.014 0 1
bye          2.073  0.569 0 1
cake         1.678  1.061 0 1
call         3.294  0.184 0 1
camera       2.643  3.481 0 1
camping      3.012  1.292 0 1
candy        2.643  3.481 0 1
car          2.807  0.533 0 1
careful      3.177  0.699 0 1
carrots      2.643  3.481 0 1
carry        2.802  1.088 0 1
cat          2.800  1.646 0 1
catch        3.177  0.699 0 1
cereal       2.643  3.481 0 1
chair        2.533  1.365 0 1
chalk        2.792  1.648 0 1
chase        2.643  3.481 0 1
cheek        2.792  1.648 0 1
cheerios     2.643  3.481 0 1
cheese       2.792  1.648 0 1
child        2.943  1.076 0 1
chin         2.800  1.646 0 1
chocolate    1.898  0.587 0 1
church       2.953  0.883 0 1
circus       2.643  3.481 0 1
clap         2.264  1.811 0 1
climb        2.821  0.890 0 1
clock        3.038 -0.327 0 1
close        3.347  0.527 0 1
closet       2.522  1.367 0 1
cloud        2.643  3.481 0 1
clown        2.643  3.481 0 1
coat         2.792  1.648 0 1
coffee       2.541  0.910 0 1
coke         2.643  3.481 0 1
cold         2.791  1.090 0 1
comb         3.005  1.292 0 1
cook         3.111  0.876 0 1
cookie       2.643  3.481 0 1
corn         2.643  3.481 0 1
couch        3.099  0.876 0 1
country      2.437  1.748 0 1
cover        2.800  1.646 0 1
cow          1.638  2.178 0 1
cowboy       2.643  3.481 0 1
cracker      2.643  3.481 0 1
crayon       2.643  3.481 0 1
crib         2.264  1.811 0 1
cry          2.675  1.339 0 1
cup          1.962  0.989 0 1
cut          2.509  1.122 0 1
cute         2.499  1.123 0 1
daddy        2.264  1.811 0 1
dance        1.929  1.534 0 1
dark         2.937  0.358 0 1
day          3.476 -0.497 0 1
deer         1.638  2.178 0 1
diaper       2.515  1.368 0 1
did          2.339  0.020 0 1
dinner       2.937  1.077 0 1
dirty        2.643  3.481 0 1
dish         2.643  3.481 0 1
doctor       2.643  3.481 0 1
dog          2.482  0.366 0 1
doll         2.643  3.481 0 1
donkey       2.643  3.481 0 1
donut        2.643  3.481 0 1
door         2.430 -0.154 0 1
down         3.146 -0.158 0 1
downtown     2.643  3.481 0 1
draw         1.638  2.178 0 1
drawer       2.643  3.481 0 1
dress        2.227  1.167 0 1
drive        2.541  0.910 0 1
drop         2.800  1.646 0 1
dryer        2.643  3.481 0 1
duck         2.643  3.481 0 1
dump         2.643  3.481 0 1
each         3.320 -0.328 0 1
ear          1.957  0.989 0 1
eat          1.632 -0.132 0 1
egg          1.973  1.225 0 1
elephant     2.522  1.367 0 1
empty        2.637  1.106 0 1
every        2.608  0.016 0 1
eye          2.057  0.971 0 1
face         2.582  0.539 0 1
fall         3.288 -0.158 0 1
farm         2.436  1.748 0 1
fast         3.189  0.356 0 1
feed         2.290  0.936 0 1
find         2.570 -0.325 0 1
fine         2.527  1.366 0 1
finger       2.578  0.540 0 1
finish       3.321  0.696 0 1
fireman      2.643  3.481 0 1
firetruck    2.643  3.481 0 1
first        2.941  0.531 0 1
fit          2.900  0.706 0 1
fix          2.177  0.952 0 1
flag         2.643  3.481 0 1
flower       2.643  3.481 0 1
food         2.285  0.937 0 1
foot         2.219  1.168 0 1
for.         2.723 -1.004 0 1
fork         2.214  1.439 0 1
friend       2.800  0.187 0 1
frog         1.638  2.178 0 1
full         2.219 -0.151 0 1
game         3.347  0.527 0 1
garage       2.177  0.952 0 1
garbage      3.012  1.292 0 1
garden       1.934  1.531 0 1
gentle       2.675  1.339 0 1
get          2.746 -1.187 0 1
giraffe      2.643  3.481 0 1
girl         2.683 -0.156 0 1
give         3.476 -0.497 0 1
glass        2.533  1.365 0 1
glasses      2.643  3.481 0 1
gloves       2.643  3.481 0 1
glue         2.643  3.481 0 1
go           3.302 -1.367 0 1
good         3.039 -0.495 0 1
goose        2.643  3.481 0 1
grandma      2.264  1.811 0 1
grandpa      2.264  1.811 0 1
grapes       2.643  3.481 0 1
grass        2.643  3.481 0 1
green        2.402  0.730 0 1
grrr         2.643  3.481 0 1
gum          1.638  2.178 0 1
hair         2.575  0.540 0 1
hamburger    2.643  3.481 0 1
hammer       1.929  1.534 0 1
hand         2.175  0.024 0 1
happy        3.225  0.013 0 1
hard         3.417  0.184 0 1
hat          3.005  1.292 0 1
hate         1.736  0.611 0 1
have         2.679 -1.006 0 1
he           2.679 -1.006 0 1
head         2.867  0.014 0 1
hear         3.288 -0.158 0 1
heavy        2.674  1.339 0 1
helicopter   2.643  3.481 0 1
hello        0.908  2.051 0 1
help         3.458 -0.329 0 1
hen          2.800  1.646 0 1
her          2.661 -1.006 0 1
here         2.937  0.358 0 1
hers         2.800  1.646 0 1
hi           1.857  1.259 0 1
hide         2.674  1.339 0 1
high         2.436  1.748 0 1
him          3.420 -0.158 0 1
his          2.803 -0.829 0 1
hit          2.470  0.191 0 1
hold         2.579  0.190 0 1
home         2.805  0.360 0 1
horse        1.758  1.037 0 1
hose         2.643  3.481 0 1
hot          2.025  0.028 0 1
house        3.356  0.013 0 1
how          2.855 -0.326 0 1
hug          2.260  0.022 0 1
hungry       3.012  1.292 0 1
hurry        2.499  1.123 0 1
hurt         2.299  0.738 0 1
ice          3.420 -0.158 0 1
inside       3.207  0.528 0 1
into         3.055 -1.174 0 1
it           2.663 -0.832 0 1
jacket       2.643  3.481 0 1
jar          2.643  3.481 0 1
jeans        3.099  0.876 0 1
jello        2.643  3.481 0 1
jelly        2.643  3.481 0 1
juice        2.503  1.122 0 1
jump         1.736  0.611 0 1
keys         2.643  3.481 0 1
kick         2.522  1.367 0 1
kiss         2.928  0.358 0 1
kitchen      2.696  0.361 0 1
kitty        2.643  3.481 0 1
knee         2.792  1.648 0 1
knife        2.810  0.891 0 1
knock        2.164  0.561 0 1
ladder       2.264  1.811 0 1
lady         1.857  1.259 0 1
lamb         2.643  3.481 0 1
lamp         2.643  3.481 0 1
last         3.039 -0.495 0 1
later        2.792  1.648 0 1
leg          2.675  1.339 0 1
lick         1.130  2.812 0 1
light        2.947  0.883 0 1
like         2.661 -0.495 0 1
lion         2.643  3.481 0 1
lips         2.943  1.076 0 1
listen       1.202  0.549 0 1
little       2.899 -0.157 0 1
lollipop     2.643  3.481 0 1
long         3.060 -0.495 0 1
look         2.083 -0.496 0 1
loud         2.811  0.891 0 1
love         2.544  0.017 0 1
lunch        2.910  0.706 0 1
mad          2.057  0.570 0 1
mailman      2.643  3.481 0 1
make         2.556 -0.835 0 1
man          1.970  0.209 0 1
me           2.723 -1.004 0 1
meat         2.299  0.738 0 1
medicine     2.643  3.481 0 1
melon        2.643  3.481 0 1
meow         2.643  3.481 0 1
milk         1.934  1.531 0 1
mine         2.503  1.122 0 1
mittens      2.643  3.481 0 1
mommy        2.643  3.481 0 1
money        3.062  0.357 0 1
monkey       2.643  3.481 0 1
moo          2.643  3.481 0 1
moon         2.227  1.167 0 1
moose        2.643  3.481 0 1
mop          2.643  3.481 0 1
more         2.799 -0.156 0 1
morning      2.910 -0.495 0 1
motorcycle   2.792  1.648 0 1
mouse        2.643  3.481 0 1
mouth        3.458 -0.329 0 1
movie        2.522  1.367 0 1
much         2.986 -0.826 0 1
muffin       2.643  3.481 0 1
my           2.574 -0.664 0 1
myself       3.250  0.871 0 1
nail         1.638  2.178 0 1
nap          2.402  0.730 0 1
napkin       2.643  3.481 0 1
naughty      2.643  3.481 0 1
necklace     2.643  3.481 0 1
new          2.500 -0.325 0 1
nice         3.356  0.013 0 1
night        3.320 -0.328 0 1
no           1.209  2.680 0 1
noisy        2.643  3.481 0 1
none         3.109  0.013 0 1
noodles      2.643  3.481 0 1
nose         3.005  1.292 0 1
not          2.749 -0.662 0 1
now          2.104  1.192 0 1
nurse        2.643  3.481 0 1
nuts         2.264  1.811 0 1
of           2.744 -1.386 0 1
off          2.685  0.188 0 1
old          2.983  0.014 0 1
on           2.746 -1.187 0 1
open         1.674  1.063 0 1
other        2.679 -1.006 0 1
ouch         2.643  3.481 0 1
our          2.789 -0.495 0 1
out          2.746 -1.187 0 1
outside      2.937  1.077 0 1
oven         2.785  1.090 0 1
over         3.026  0.185 0 1
owl          2.643  3.481 0 1
paint        3.012  1.292 0 1
pajamas      2.643  3.481 0 1
pancake      2.643  3.481 0 1
pants        3.260  1.054 0 1
paper        2.222  1.437 0 1
park         2.421  0.922 0 1
party        3.250  0.871 0 1
pattycake    2.643  3.481 0 1
peas         2.643  3.481 0 1
peekaboo     2.643  3.481 0 1
pen          2.681  1.338 0 1
pencil       2.643  3.481 0 1
penguin      2.643  3.481 0 1
penis        1.638  2.178 0 1
penny        2.643  3.481 0 1
people       1.459  0.264 0 1
person       2.517 -0.154 0 1
pick         2.728 -0.326 0 1
pickle       2.643  3.481 0 1
picnic       2.800  1.646 0 1
picture      2.173  0.952 0 1
pig          2.643  3.481 0 1
pillow       2.785  1.090 0 1
pizza        2.643  3.481 0 1
plant        2.643  3.481 0 1
plate        2.643  3.481 0 1
play         3.189  0.356 0 1
playground   2.643  3.481 0 1
please       2.792  1.648 0 1
police       2.805  0.360 0 1
pony         2.437  1.748 0 1
pool         2.462  0.544 0 1
poor         2.643  3.481 0 1
popcorn      2.643  3.481 0 1
popsicle     2.643  3.481 0 1
porch        2.405  0.923 0 1
potato       2.792  1.648 0 1
potty        2.643  3.481 0 1
pour         2.821  0.890 0 1
present      2.643  3.481 0 1
pretend      2.643  3.481 0 1
pretty       2.905  0.186 0 1
pretzel      2.643  3.481 0 1
pudding      2.643  3.481 0 1
pull         2.018  0.387 0 1
pumpkin      2.643  3.481 0 1
puppy        2.643  3.481 0 1
purse        2.436  1.748 0 1
push         1.990  1.220 0 1
put          3.420 -0.158 0 1
puzzle       2.436  1.748 0 1
quiet        2.527  1.366 0 1
radio        2.082  1.478 0 1
rain         2.541  0.910 0 1
raisin       2.643  3.481 0 1
read         3.109  0.013 0 1
red          2.483  0.366 0 1
refrigerator 2.800  1.646 0 1
ride         2.906  0.186 0 1
rip          1.638  2.178 0 1
rock         2.437  1.748 0 1
roof         2.306  0.738 0 1
room         2.447  0.192 0 1
rooster      2.264  1.811 0 1
run          2.937  0.531 0 1
sad          3.012  1.292 0 1
salt         1.977  1.223 0 1
same         2.837 -0.662 0 1
sandbox      2.643  3.481 0 1
sandwich     2.643  3.481 0 1
sauce        3.260  1.054 0 1
say          2.587 -0.155 0 1
scared       1.898  0.587 0 1
scarf        2.674  1.339 0 1
school       3.187  0.699 0 1
scissors     2.643  3.481 0 1
see          2.786 -0.326 0 1
shake        1.874  0.215 0 1
share        2.287  0.739 0 1
she          1.882 -0.673 0 1
sheep        2.643  3.481 0 1
shush        2.643  3.481 0 1
shirt        2.173  0.952 0 1
shoe         2.643  3.481 0 1
shopping     3.012  1.292 0 1
shorts       2.675  1.339 0 1
shoulder     3.062  0.357 0 1
shovel       2.643  3.481 0 1
show         3.236  0.013 0 1
shower       2.768  0.711 0 1
sick         2.290  0.936 0 1
sidewalk     2.264  1.811 0 1
sing         2.815  0.891 0 1
sink         2.785  1.090 0 1
sister       2.660  0.715 0 1
sit          3.417  0.184 0 1
skate        2.643  3.481 0 1
sky          2.697  0.361 0 1
sled         2.643  3.481 0 1
sleep        2.928  0.358 0 1
sleepy       2.643  3.481 0 1
slipper      2.643  3.481 0 1
slow         2.637  1.106 0 1
smile        1.973  1.225 0 1
snack        2.643  3.481 0 1
sneaker      2.643  3.481 0 1
snow         2.643  3.481 0 1
snowman      2.643  3.481 0 1
snowsuit     2.643  3.481 0 1
soap         2.643  3.481 0 1
sock         2.643  3.481 0 1
soda         1.638  2.178 0 1
sofa         3.260  1.054 0 1
soft         1.929  1.534 0 1
some         2.457 -0.837 0 1
soup         2.643  3.481 0 1
spaghetti    2.643  3.481 0 1
spill        1.638  2.178 0 1
splash       2.643  3.481 0 1
spoon        2.643  3.481 0 1
sprinkler    2.643  3.481 0 1
squirrel     2.643  3.481 0 1
stairs       3.225  0.013 0 1
stand        2.910  0.706 0 1
star         2.643  3.481 0 1
stay         3.191 -0.496 0 1
stick        2.437  1.748 0 1
sticky       2.643  3.481 0 1
stone        3.005  1.292 0 1
stop         2.385  0.369 0 1
store        2.294  0.936 0 1
story        3.060  0.529 0 1
stove        3.176  0.699 0 1
strawberry   2.264  1.811 0 1
street       2.947  0.883 0 1
stroller     2.643  3.481 0 1
stuck        0.970  1.236 0 1
sun          2.790  0.187 0 1
sweater      2.643  3.481 0 1
sweep        2.643  3.481 0 1
swim         2.937  1.077 0 1
table        2.916  0.186 0 1
take         3.178 -0.496 0 1
talk         2.720 -0.326 0 1
tape         1.643  1.340 0 1
taste        2.359  0.549 0 1
teacher      2.436  1.748 0 1
tear         2.643  3.481 0 1
telephone    2.944  1.076 0 1
that         2.671 -1.006 0 1
their        2.743 -1.003 0 1
them         3.048 -0.495 0 1
there        2.491 -0.154 0 1
these        3.420 -0.158 0 1
they         2.641 -1.191 0 1
think        1.950 -0.496 0 1
thirsty      2.515  1.368 0 1
this         2.749 -0.662 0 1
those        2.698  0.361 0 1
throw        3.417  0.184 0 1
tickle       2.264  1.811 0 1
tiger        2.643  3.481 0 1
tights       2.643  3.481 0 1
time         2.721  0.015 0 1
tiny         2.953  0.883 0 1
tired        3.176  0.699 0 1
tissue       2.643  3.481 0 1
to           2.746 -1.187 0 1
toast        2.643  3.481 0 1
today        2.800  1.646 0 1
toe          2.643  3.481 0 1
tomorrow     2.211  1.440 0 1
tongue       2.821  0.890 0 1
tonight      2.522  1.367 0 1
too          1.592  0.639 0 1
tooth        2.643  3.481 0 1
toothbrush   2.643  3.481 0 1
touch        1.866  1.256 0 1
towel        2.643  3.481 0 1
toy          2.643  3.481 0 1
tractor      2.643  3.481 0 1
train        2.277  1.806 0 1
trash        3.005  1.292 0 1
tray         2.643  3.481 0 1
tree         2.527  1.366 0 1
tricycle     2.643  3.481 0 1
truck        2.643  3.481 0 1
tummy        2.643  3.481 0 1
tuna         2.643  3.481 0 1
turkey       2.643  3.481 0 1
turtle       2.277  1.806 0 1
uncle        2.643  3.481 0 1
under        2.519  0.017 0 1
underpants   2.643  3.481 0 1
up           2.749 -0.662 0 1
us           3.155 -0.158 0 1
vacuum       2.914  0.186 0 1
vagina       3.260  1.054 0 1
vanilla      2.416  0.922 0 1
vitamins     2.643  3.481 0 1
vroom        2.643  3.481 0 1
wait         2.628  0.016 0 1
wake         3.072 -0.660 0 1
walk         3.236  0.013 0 1
walker       2.643  3.481 0 1
wash         2.792  1.648 0 1
we           3.094 -1.375 0 1
wet          2.290  0.936 0 1
what         3.038 -0.327 0 1
when         2.514 -0.836 0 1
where        3.050 -0.327 0 1
which        2.669  0.016 0 1
white        2.026  0.206 0 1
who          2.223 -0.324 0 1
why          3.288 -0.158 0 1
wind         2.517  0.723 0 1
window       2.803 -0.156 0 1
windy        2.643  3.481 0 1
wipe         2.792  1.648 0 1
wish         1.645  1.339 0 1
with         2.743 -1.003 0 1
wolf         2.643  3.481 0 1
woods        3.464  0.356 0 1
write        2.543  0.017 0 1
yard         2.264  1.811 0 1
yellow       1.754  1.039 0 1
yes          2.643  3.481 0 1
yesterday    2.643  3.481 0 1
yogurt       2.643  3.481 0 1
you          2.661 -1.006 0 1
your         2.884 -0.661 0 1
yourself     3.236  0.013 0 1
yucky        2.643  3.481 0 1
zebra        2.643  3.481 0 1
zipper       2.643  3.481 0 1
zoo          1.934  1.531 0 1

$means
F 
0 

$cov
  F
F 1

> fscores(twoPL_run16_29_models_all_words_normal_prior)
                  F
 [1,] -0.8640220478
 [2,] -0.8295863386
 [3,] -0.8488451874
 [4,]  0.1959301959
 [5,] -0.0003354198
 [6,]  0.0143336925
 [7,]  0.6150198939
 [8,]  0.7995187064
 [9,]  0.8001853644
[10,]  1.2001241985
[11,]  1.1999474610
[12,]  1.2080414148
[13,] -2.6440854148
[14,] -2.6440854148
[15,] -2.6440854148
[16,]  0.6000429538
[17,] -2.6440854148
[18,] -2.6440854148
[19,] -2.6440854148
[20,] -2.6440854148
[21,] -2.6440854148
[22,] -2.6440854148
[23,] -0.9454252011
[24,] -0.9832307404
[25,] -0.4054654909
[26,] -2.6440854148
[27,] -2.4988545185
[28,] -1.1895735849
[29,] -0.1994163319
[30,]  5.2866170440
[31,] -2.6440854148