> model <- 'F = 1-587
+ CONSTRAIN = (1-587, a1)'
> model
[1] "F = 1-587\nCONSTRAIN = (1-587, a1)"
> twoPL_run10_equal_slopes <- mirt(lang_acq_run10_all_words_tsv, model)
Iteration: 25, Log-Lik: -1812.714, Max-Change: 0.00005
> coef(twoPL_run10_equal_slopes, IRTpars = TRUE, simplify=TRUE)
$items
                 a      b g u
about        3.149 -1.507 0 1
above        3.149  0.029 0 1
after        3.149 -0.762 0 1
airplane     3.149  2.975 0 1
all          3.149 -0.762 0 1
alligator    3.149  2.975 0 1
animal       3.149  1.393 0 1
ankle        3.149  2.975 0 1
another      3.149 -1.507 0 1
ant          3.149  2.975 0 1
any          3.149 -0.762 0 1
apple        3.149  0.733 0 1
applesauce   3.149  2.975 0 1
arm          3.149  0.907 0 1
around       3.149 -0.443 0 1
asleep       3.149  0.568 0 1
at           3.149 -2.499 0 1
aunt         3.149  0.568 0 1
awake        3.149  0.907 0 1
away         3.149  0.223 0 1
baby         3.149  0.907 0 1
back         3.149 -1.118 0 1
backyard     3.149  1.393 0 1
bad          3.149 -0.187 0 1
ball         3.149  0.907 0 1
balloon      3.149  2.975 0 1
banana       3.149  2.975 0 1
basement     3.149  2.975 0 1
basket       3.149  2.975 0 1
bat          3.149  2.975 0 1
bath         3.149  0.907 0 1
bathroom     3.149  0.400 0 1
bathtub      3.149  2.975 0 1
beach        3.149  0.223 0 1
beads        3.149  2.975 0 1
beans        3.149  1.393 0 1
bear         3.149  2.975 0 1
bed          3.149  0.568 0 1
bedroom      3.149  0.223 0 1
bee          3.149  1.393 0 1
before       3.149  0.029 0 1
behind       3.149 -0.187 0 1
belt         3.149  1.393 0 1
bench        3.149  0.029 0 1
beside       3.149  0.568 0 1
better       3.149 -0.187 0 1
bib          3.149  2.975 0 1
bicycle      3.149  1.109 0 1
big          3.149 -0.443 0 1
bird         3.149  2.975 0 1
bite         3.149  1.109 0 1
black        3.149  0.568 0 1
blanket      3.149  1.109 0 1
block        3.149  2.975 0 1
blow         3.149  1.109 0 1
blue         3.149  1.109 0 1
boat         3.149  2.975 0 1
book         3.149  0.733 0 1
boots        3.149  0.907 0 1
bottle       3.149  2.975 0 1
bowl         3.149  1.393 0 1
box          3.149  0.568 0 1
boy          3.149  0.400 0 1
bread        3.149  1.393 0 1
break.       3.149  1.109 0 1
breakfast    3.149  0.733 0 1
bring        3.149  0.029 0 1
broken       3.149  1.393 0 1
broom        3.149  2.975 0 1
brother      3.149  0.223 0 1
brown        3.149  1.109 0 1
brush        3.149  1.109 0 1
bubbles      3.149  2.975 0 1
bucket       3.149  2.975 0 1
bug          3.149  2.975 0 1
build        3.149  0.568 0 1
bump         3.149  0.568 0 1
bunny        3.149  2.975 0 1
bus          3.149  1.109 0 1
butter       3.149  0.733 0 1
butterfly    3.149  2.975 0 1
button       3.149  0.568 0 1
buy          3.149 -0.187 0 1
by           3.149 -1.118 0 1
bye          3.149  0.733 0 1
cake         3.149  1.109 0 1
call         3.149 -0.762 0 1
camera       3.149  1.393 0 1
camping      3.149  0.907 0 1
candy        3.149  1.393 0 1
car          3.149  0.223 0 1
careful      3.149  0.223 0 1
carrots      3.149  1.393 0 1
carry        3.149  0.568 0 1
cat          3.149  1.109 0 1
catch        3.149  0.733 0 1
cereal       3.149  2.975 0 1
chair        3.149  1.109 0 1
chalk        3.149  2.975 0 1
chase        3.149  1.393 0 1
cheek        3.149  2.975 0 1
cheerios     3.149  2.975 0 1
cheese       3.149  0.733 0 1
child        3.149  1.393 0 1
chin         3.149  1.109 0 1
chocolate    3.149  0.223 0 1
church       3.149  1.109 0 1
circus       3.149  2.975 0 1
clap         3.149  1.109 0 1
climb        3.149  0.400 0 1
clock        3.149 -0.187 0 1
close        3.149  0.400 0 1
closet       3.149  1.393 0 1
cloud        3.149  1.393 0 1
clown        3.149  2.975 0 1
coat         3.149  0.907 0 1
coffee       3.149  0.907 0 1
coke         3.149  2.975 0 1
cold         3.149  0.907 0 1
comb         3.149  0.907 0 1
cook         3.149  0.907 0 1
cookie       3.149  2.975 0 1
corn         3.149  2.975 0 1
couch        3.149  1.109 0 1
country      3.149  0.907 0 1
cover        3.149  1.109 0 1
cow          3.149  2.975 0 1
cowboy       3.149  2.975 0 1
cracker      3.149  2.975 0 1
crayon       3.149  2.975 0 1
crib         3.149  2.975 0 1
cry          3.149  1.109 0 1
cup          3.149  0.568 0 1
cut          3.149  0.907 0 1
cute         3.149  0.733 0 1
daddy        3.149  1.393 0 1
dance        3.149  0.907 0 1
dark         3.149  0.733 0 1
day          3.149 -0.762 0 1
deer         3.149  2.975 0 1
diaper       3.149  2.975 0 1
did          3.149 -0.762 0 1
dinner       3.149  0.400 0 1
dirty        3.149  1.393 0 1
dish         3.149  2.975 0 1
doctor       3.149  0.733 0 1
dog          3.149  0.907 0 1
doll         3.149  1.393 0 1
donkey       3.149  2.975 0 1
donut        3.149  2.975 0 1
door         3.149 -0.443 0 1
down         3.149 -0.762 0 1
downtown     3.149  2.975 0 1
draw         3.149  1.393 0 1
drawer       3.149  1.393 0 1
dress        3.149  1.109 0 1
drive        3.149  0.733 0 1
drop         3.149  0.907 0 1
dryer        3.149  2.975 0 1
duck         3.149  2.975 0 1
dump         3.149  2.975 0 1
each         3.149 -1.118 0 1
ear          3.149  1.393 0 1
eat          3.149 -0.187 0 1
egg          3.149  2.975 0 1
elephant     3.149  1.393 0 1
empty        3.149  1.393 0 1
every        3.149 -0.443 0 1
eye          3.149  0.907 0 1
face         3.149  0.029 0 1
fall         3.149  0.400 0 1
farm         3.149  1.109 0 1
fast         3.149  0.029 0 1
feed         3.149  0.733 0 1
find         3.149 -0.762 0 1
fine         3.149  0.568 0 1
finger       3.149  0.568 0 1
finish       3.149  0.223 0 1
fireman      3.149  2.975 0 1
firetruck    3.149  2.975 0 1
first        3.149  1.109 0 1
fit          3.149  0.733 0 1
fix          3.149  0.400 0 1
flag         3.149  2.975 0 1
flower       3.149  2.975 0 1
food         3.149  1.393 0 1
foot         3.149  1.393 0 1
for.         3.149 -2.499 0 1
fork         3.149  1.393 0 1
friend       3.149 -0.187 0 1
frog         3.149  1.393 0 1
full         3.149  0.400 0 1
game         3.149  0.568 0 1
garage       3.149  1.393 0 1
garbage      3.149  2.975 0 1
garden       3.149  1.393 0 1
gentle       3.149  0.568 0 1
get          3.149 -1.507 0 1
giraffe      3.149  2.975 0 1
girl         3.149 -0.187 0 1
give         3.149 -1.118 0 1
glass        3.149  0.733 0 1
glasses      3.149  1.393 0 1
gloves       3.149  1.393 0 1
glue         3.149  2.975 0 1
go           3.149 -0.762 0 1
good         3.149 -0.762 0 1
goose        3.149  2.975 0 1
grandma      3.149  0.907 0 1
grandpa      3.149  1.393 0 1
grapes       3.149  2.975 0 1
grass        3.149  1.109 0 1
green        3.149  0.907 0 1
grrr         3.149  2.975 0 1
gum          3.149  2.975 0 1
hair         3.149  0.029 0 1
hamburger    3.149  1.393 0 1
hammer       3.149  1.393 0 1
hand         3.149 -0.443 0 1
happy        3.149  0.400 0 1
hard         3.149 -0.443 0 1
hat          3.149  0.733 0 1
hate         3.149  0.029 0 1
have         3.149 -2.499 0 1
he           3.149 -1.118 0 1
head         3.149 -0.187 0 1
hear         3.149 -0.443 0 1
heavy        3.149  0.733 0 1
helicopter   3.149  2.975 0 1
hello        3.149  1.393 0 1
help         3.149 -0.762 0 1
hen          3.149  2.975 0 1
her          3.149 -1.507 0 1
here         3.149  0.223 0 1
hers         3.149  2.975 0 1
hi           3.149  0.907 0 1
hide         3.149  0.733 0 1
high         3.149  0.568 0 1
him          3.149 -0.443 0 1
his          3.149 -2.499 0 1
hit          3.149  0.400 0 1
hold         3.149  0.400 0 1
home         3.149  0.029 0 1
horse        3.149  1.393 0 1
hose         3.149  2.975 0 1
hot          3.149  0.733 0 1
house        3.149 -0.187 0 1
how          3.149 -0.443 0 1
hug          3.149  0.400 0 1
hungry       3.149  0.907 0 1
hurry        3.149  0.568 0 1
hurt         3.149  0.568 0 1
I            3.149 -1.118 0 1
ice          3.149 -0.443 0 1
inside       3.149  0.223 0 1
into         3.149 -2.499 0 1
it           3.149 -0.762 0 1
jacket       3.149  1.393 0 1
jar          3.149  1.393 0 1
jeans        3.149  0.907 0 1
jello        3.149  2.975 0 1
jelly        3.149  1.109 0 1
juice        3.149  0.907 0 1
jump         3.149  0.568 0 1
keys         3.149  2.975 0 1
kick         3.149  1.109 0 1
kiss         3.149  0.568 0 1
kitchen      3.149  0.400 0 1
kitty        3.149  2.975 0 1
knee         3.149  0.907 0 1
knife        3.149  0.907 0 1
knock        3.149  0.568 0 1
ladder       3.149  1.109 0 1
lady         3.149  1.109 0 1
lamb         3.149  2.975 0 1
lamp         3.149  2.975 0 1
last         3.149 -1.118 0 1
later        3.149  1.109 0 1
leg          3.149  1.109 0 1
lick         3.149  2.975 0 1
light        3.149  0.733 0 1
like         3.149 -1.118 0 1
lion         3.149  2.975 0 1
lips         3.149  0.733 0 1
listen       3.149  0.029 0 1
little       3.149 -1.507 0 1
lollipop     3.149  2.975 0 1
long         3.149 -1.118 0 1
look         3.149 -0.762 0 1
loud         3.149  0.907 0 1
love         3.149 -0.762 0 1
lunch        3.149  0.568 0 1
mad          3.149  0.029 0 1
mailman      3.149  2.975 0 1
make         3.149 -0.762 0 1
man          3.149  0.029 0 1
me           3.149 -2.499 0 1
meat         3.149  1.109 0 1
medicine     3.149  2.975 0 1
melon        3.149  2.975 0 1
meow         3.149  2.975 0 1
milk         3.149  0.907 0 1
mine         3.149  0.907 0 1
mittens      3.149  2.975 0 1
mommy        3.149  1.393 0 1
money        3.149  0.029 0 1
monkey       3.149  2.975 0 1
moo          3.149  2.975 0 1
moon         3.149  1.109 0 1
moose        3.149  2.975 0 1
mop          3.149  2.975 0 1
more         3.149 -0.762 0 1
morning      3.149 -0.762 0 1
motorcycle   3.149  2.975 0 1
mouse        3.149  1.393 0 1
mouth        3.149 -0.443 0 1
movie        3.149  0.733 0 1
much         3.149 -1.507 0 1
muffin       3.149  2.975 0 1
my           3.149 -2.499 0 1
myself       3.149 -0.187 0 1
nail         3.149  2.975 0 1
nap          3.149  0.568 0 1
napkin       3.149  2.975 0 1
naughty      3.149  1.393 0 1
necklace     3.149  2.975 0 1
new          3.149 -1.118 0 1
nice         3.149  0.400 0 1
night        3.149 -0.762 0 1
no           3.149  2.975 0 1
noisy        3.149  2.975 0 1
none         3.149  0.029 0 1
noodles      3.149  2.975 0 1
nose         3.149  1.109 0 1
not          3.149 -1.507 0 1
now          3.149  1.393 0 1
nurse        3.149  2.975 0 1
nuts         3.149  2.975 0 1
of           3.149 -2.499 0 1
off          3.149 -0.443 0 1
old          3.149 -0.187 0 1
on           3.149 -2.499 0 1
open         3.149  0.733 0 1
other        3.149 -1.118 0 1
ouch         3.149  2.975 0 1
our          3.149 -0.762 0 1
out          3.149 -0.762 0 1
outside      3.149  2.975 0 1
oven         3.149  0.733 0 1
over         3.149 -0.762 0 1
owl          3.149  2.975 0 1
paint        3.149  0.907 0 1
pajamas      3.149  2.975 0 1
pancake      3.149  2.975 0 1
pants        3.149  0.733 0 1
paper        3.149  0.907 0 1
park         3.149  0.223 0 1
party        3.149  0.733 0 1
pattycake    3.149  2.975 0 1
peas         3.149  1.393 0 1
peekaboo     3.149  2.975 0 1
pen          3.149  1.393 0 1
pencil       3.149  1.393 0 1
penguin      3.149  2.975 0 1
penis        3.149  2.975 0 1
penny        3.149  2.975 0 1
people       3.149 -0.187 0 1
person       3.149 -0.443 0 1
pick         3.149 -0.762 0 1
pickle       3.149  2.975 0 1
picnic       3.149  0.907 0 1
picture      3.149  0.568 0 1
pig          3.149  2.975 0 1
pillow       3.149  2.975 0 1
pizza        3.149  2.975 0 1
plant        3.149  2.975 0 1
plate        3.149  1.109 0 1
play         3.149 -0.187 0 1
playground   3.149  2.975 0 1
please       3.149  0.907 0 1
police       3.149 -0.187 0 1
pony         3.149  2.975 0 1
pool         3.149  0.733 0 1
poor         3.149  1.109 0 1
popcorn      3.149  2.975 0 1
popsicle     3.149  2.975 0 1
porch        3.149  1.109 0 1
potato       3.149  2.975 0 1
potty        3.149  2.975 0 1
pour         3.149  1.393 0 1
present      3.149  1.109 0 1
pretend      3.149  0.907 0 1
pretty       3.149  0.029 0 1
pretzel      3.149  2.975 0 1
pudding      3.149  2.975 0 1
pull         3.149  0.400 0 1
pumpkin      3.149  2.975 0 1
puppy        3.149  2.975 0 1
purse        3.149  2.975 0 1
push         3.149  1.109 0 1
put          3.149 -0.443 0 1
puzzle       3.149  2.975 0 1
quiet        3.149  0.907 0 1
radio        3.149  1.393 0 1
rain         3.149  0.733 0 1
raisin       3.149  2.975 0 1
read         3.149 -0.187 0 1
red          3.149  0.733 0 1
refrigerator 3.149  2.975 0 1
ride         3.149  0.029 0 1
rip          3.149  2.975 0 1
rock         3.149  1.393 0 1
roof         3.149  0.907 0 1
room         3.149  0.733 0 1
rooster      3.149  2.975 0 1
run          3.149  0.400 0 1
sad          3.149  1.109 0 1
salt         3.149  0.568 0 1
same         3.149 -1.118 0 1
sandbox      3.149  2.975 0 1
sandwich     3.149  1.109 0 1
sauce        3.149  0.733 0 1
say          3.149 -0.443 0 1
scared       3.149  0.568 0 1
scarf        3.149  0.907 0 1
school       3.149  0.029 0 1
scissors     3.149  2.975 0 1
see          3.149 -0.762 0 1
shake        3.149 -0.187 0 1
share        3.149  0.733 0 1
she          3.149 -1.118 0 1
sheep        3.149  2.975 0 1
shush        3.149  2.975 0 1
shirt        3.149  0.907 0 1
shoe         3.149  1.393 0 1
shopping     3.149  0.223 0 1
shorts       3.149  2.975 0 1
shoulder     3.149  0.029 0 1
shovel       3.149  2.975 0 1
show         3.149 -0.443 0 1
shower       3.149  0.400 0 1
sick         3.149  1.109 0 1
sidewalk     3.149  2.975 0 1
sing         3.149  0.029 0 1
sink         3.149  1.393 0 1
sister       3.149  0.223 0 1
sit          3.149 -0.443 0 1
skate        3.149  2.975 0 1
sky          3.149  0.029 0 1
sled         3.149  2.975 0 1
sleep        3.149 -0.443 0 1
sleepy       3.149  2.975 0 1
slipper      3.149  2.975 0 1
slow         3.149  1.109 0 1
smile        3.149  0.400 0 1
snack        3.149  2.975 0 1
sneaker      3.149  2.975 0 1
snow         3.149  0.733 0 1
snowman      3.149  2.975 0 1
snowsuit     3.149  2.975 0 1
soap         3.149  2.975 0 1
sock         3.149  2.975 0 1
soda         3.149  2.975 0 1
sofa         3.149  1.393 0 1
soft         3.149  2.975 0 1
some         3.149 -1.118 0 1
soup         3.149  1.393 0 1
spaghetti    3.149  1.109 0 1
spill        3.149  1.393 0 1
splash       3.149  1.393 0 1
spoon        3.149  2.975 0 1
sprinkler    3.149  2.975 0 1
squirrel     3.149  2.975 0 1
stairs       3.149 -0.187 0 1
stand        3.149  0.400 0 1
star         3.149  1.393 0 1
stay         3.149 -0.762 0 1
stick        3.149  1.109 0 1
sticky       3.149  2.975 0 1
stone        3.149  1.393 0 1
stop         3.149 -0.187 0 1
store        3.149  1.109 0 1
story        3.149 -0.187 0 1
stove        3.149  0.907 0 1
strawberry   3.149  2.975 0 1
street       3.149 -0.187 0 1
stroller     3.149  2.975 0 1
stuck        3.149  1.109 0 1
sun          3.149  0.568 0 1
sweater      3.149  2.975 0 1
sweep        3.149  2.975 0 1
swim         3.149  0.907 0 1
table        3.149  0.029 0 1
take         3.149 -1.507 0 1
talk         3.149 -0.762 0 1
tape         3.149  1.393 0 1
taste        3.149  0.568 0 1
teacher      3.149  1.393 0 1
tear         3.149  2.975 0 1
telephone    3.149  1.393 0 1
that         3.149 -0.762 0 1
their        3.149 -2.499 0 1
them         3.149 -0.762 0 1
there        3.149 -0.443 0 1
these        3.149 -0.762 0 1
they         3.149 -2.499 0 1
think        3.149 -2.499 0 1
thirsty      3.149  2.975 0 1
this         3.149 -1.118 0 1
those        3.149 -0.187 0 1
throw        3.149  0.029 0 1
tickle       3.149  2.975 0 1
tiger        3.149  2.975 0 1
tights       3.149  2.975 0 1
time         3.149 -1.507 0 1
tiny         3.149  1.109 0 1
tired        3.149  0.568 0 1
tissue       3.149  2.975 0 1
to           3.149 -2.499 0 1
toast        3.149  2.975 0 1
today        3.149  0.733 0 1
toe          3.149  1.393 0 1
tomorrow     3.149  0.733 0 1
tongue       3.149  1.109 0 1
tonight      3.149  0.907 0 1
too          3.149  0.223 0 1
tooth        3.149  1.393 0 1
toothbrush   3.149  2.975 0 1
touch        3.149  0.733 0 1
towel        3.149  0.907 0 1
toy          3.149  2.975 0 1
tractor      3.149  2.975 0 1
train        3.149  1.393 0 1
trash        3.149  0.907 0 1
tray         3.149  2.975 0 1
tree         3.149  0.568 0 1
tricycle     3.149  2.975 0 1
truck        3.149  1.393 0 1
tummy        3.149  2.975 0 1
tuna         3.149  2.975 0 1
turkey       3.149  2.975 0 1
turtle       3.149  2.975 0 1
uncle        3.149  0.568 0 1
under        3.149 -0.443 0 1
underpants   3.149  2.975 0 1
up           3.149 -0.762 0 1
us           3.149 -1.118 0 1
vacuum       3.149  0.029 0 1
vagina       3.149  0.907 0 1
vanilla      3.149  1.109 0 1
vitamins     3.149  2.975 0 1
vroom        3.149  2.975 0 1
wait         3.149  0.029 0 1
wake         3.149 -0.443 0 1
walk         3.149  0.029 0 1
walker       3.149  2.975 0 1
wash         3.149  0.907 0 1
we           3.149 -2.499 0 1
wet          3.149  1.393 0 1
what         3.149 -0.443 0 1
when         3.149 -2.499 0 1
where        3.149 -0.762 0 1
which        3.149  0.029 0 1
white        3.149 -0.187 0 1
who          3.149 -0.443 0 1
why          3.149 -0.443 0 1
wind         3.149  0.568 0 1
window       3.149  0.029 0 1
windy        3.149  1.393 0 1
wipe         3.149  1.393 0 1
wish         3.149 -0.762 0 1
with         3.149 -2.499 0 1
wolf         3.149  1.393 0 1
woods        3.149  0.400 0 1
write        3.149 -0.187 0 1
yard         3.149  1.393 0 1
yellow       3.149  1.109 0 1
yes          3.149  2.975 0 1
yesterday    3.149  2.975 0 1
yogurt       3.149  2.975 0 1
you          3.149 -1.118 0 1
your         3.149 -1.118 0 1
yourself     3.149  0.223 0 1
yucky        3.149  2.975 0 1
zebra        3.149  2.975 0 1
zipper       3.149  1.393 0 1
zoo          3.149  1.109 0 1

$means
F 
0 

$cov
  F
F 1