word	items.a	items.b	items.g	items.u	means	F1
1	about	1.47893530839267	-0.880101738602764	0	1	0	1
2	above	1.22059018972809	0.708564630643068	0	1	0	1
3	after	2.2866192321664	0.0957597524286519	0	1	0	1
4	airplane	1.41910563776408	2.98383574326976	0	1	0	1
5	all	1.81393096784249	-1.0911869451643	0	1	0	1
6	alligator	15.462137343127	1.87137179084391	0	1	0	1
7	animal	1.35205231586542	2.73756131136727	0	1	0	1
8	ankle	5.09851816207829	0.983610462487699	0	1	0	1
9	another	34.1055074240024	-0.40577425683389	0	1	0	1
10	ant	1.56634885593314	3.28971174300438	0	1	0	1
11	any	3.09706144815982	-0.689679073220126	0	1	0	1
12	apple	1.81983247297267	1.52705240096832	0	1	0	1
13	applesauce	4.97387648031327	3.66597569674221	0	1	0	1
14	arm	3.17658892155911	1.2394797087308	0	1	0	1
15	around	2.52766691277466	-0.205985217646274	0	1	0	1
16	asleep	2.88537950626892	1.1758041023964	0	1	0	1
17	at	1.25691601290745	-1.4478966738154	0	1	0	1
18	aunt	1.10860503989555	1.69322871112465	0	1	0	1
19	awake	1.10823327584081	1.69348748006328	0	1	0	1
20	away	1.60693071872216	0.21892029143578	0	1	0	1
21	baby	1.30011629524915	1.01961545432407	0	1	0	1
22	babysitter	4.97387648031328	3.6659756967422	0	1	0	1
23	back	1.74873102122582	-2.02309958302619	0	1	0	1
24	backyard	2.05591761259981	2.4720069266405	0	1	0	1
25	bad	1.43610092842662	-0.248244107647127	0	1	0	1
26	ball	0.70646271276424	3.3945076981527	0	1	0	1
27	balloon	4.97387648031328	3.66597569674221	0	1	0	1
28	banana	4.97387648031328	3.66597569674221	0	1	0	1
29	basement	1.30504060464856	2.14702859289163	0	1	0	1
30	basket	2.74994799052326	2.20739582145453	0	1	0	1
31	bat	4.97387648031329	3.6659756967422	0	1	0	1
32	bath	2.27392043517256	1.28071032924556	0	1	0	1
33	bathroom	2.42760136841564	0.726421532920115	0	1	0	1
34	bathtub	15.4787256352397	1.87129338145457	0	1	0	1
35	beach	2.05261890210184	1.13009835183131	0	1	0	1
36	beads	4.97387648031328	3.66597569674221	0	1	0	1
37	beans	1.19895506283174	3.29490998785712	0	1	0	1
38	bear	1.65038802960798	2.74835637585798	0	1	0	1
39	bed	1.27600257807392	1.13221892883692	0	1	0	1
40	bedroom	1.65705398702549	1.46210035974472	0	1	0	1
41	bee	1.66784705512394	1.56551972220594	0	1	0	1
42	before	2.8120421660441	-0.185521671940284	0	1	0	1
43	behind	1.31696756300148	-0.160622052033525	0	1	0	1
44	belt	1.08433385374535	3.11552861517118	0	1	0	1
45	bench	1.26438711455433	1.02612767733951	0	1	0	1
46	beside	1.24403732206958	0.0528002347055676	0	1	0	1
47	better	2.52660311908366	0.398140731008529	0	1	0	1
48	bib	4.97387648031329	3.6659756967422	0	1	0	1
49	bicycle	2.76750495268808	1.48671668289812	0	1	0	1
50	big	1.64915078017181	-0.565685027051016	0	1	0	1
51	bird	1.50706259063566	1.39533551452114	0	1	0	1
52	bite	1.43007648961901	1.53004685797315	0	1	0	1
53	black	1.36115000562491	0.395620200403636	0	1	0	1
54	blanket	0.901829034888027	2.63694273274481	0	1	0	1
55	block	4.97387648031328	3.66597569674221	0	1	0	1
56	blow	5.7036539399529	1.38810081893905	0	1	0	1
57	blue	1.02568065821947	1.09046359654478	0	1	0	1
58	boat	2.10048026662031	1.9076490571301	0	1	0	1
59	book	1.16515947524163	0.934890935430711	0	1	0	1
60	boots	1.58410603890108	2.12310729000186	0	1	0	1
61	bottle	1.56878367354944	1.37974822730877	0	1	0	1
62	bowl	2.10083234620085	1.90754498572733	0	1	0	1
63	box	1.22832676435523	1.25754576631258	0	1	0	1
64	boy	1.23831175532616	1.14165641864015	0	1	0	1
65	bread	1.33259387769822	1.56898773773402	0	1	0	1
66	break.	2.04593815573656	0.797734657604583	0	1	0	1
67	breakfast	3.81600032497834	1.50083217720898	0	1	0	1
68	bring	31.9523391740465	-0.0657891739678674	0	1	0	1
69	broken	3.71274576593957	1.58425936589597	0	1	0	1
70	broom	15.462137343127	1.87137179084391	0	1	0	1
71	brother	0.954954670738742	0.737671107892271	0	1	0	1
72	brown	1.63442938311057	2.26855588820496	0	1	0	1
73	brush	2.3229559046549	0.960456537005205	0	1	0	1
74	bubbles	1.56464169861803	3.29175826401566	0	1	0	1
75	bucket	3.87355187182245	2.0066188917289	0	1	0	1
76	bug	0.878817809751219	4.01487487524931	0	1	0	1
77	build	1.90103642977749	0.621690979725099	0	1	0	1
78	bump	2.16822518696736	1.12374899859266	0	1	0	1
79	bunny	2.07317496309796	2.4629074056373	0	1	0	1
80	bus	2.34029850136116	1.53307692213392	0	1	0	1
81	butter	1.35603827539464	1.22098935645182	0	1	0	1
82	butterfly	4.97387648031327	3.66597569674221	0	1	0	1
83	button	2.44723000359102	0.805746477470579	0	1	0	1
84	buy	1.72108181368473	-0.0788937674585638	0	1	0	1
85	by	1.64577641684496	-0.69759751445973	0	1	0	1
86	bye	0.985393332813067	0.365050409132711	0	1	0	1
87	cake	6.60569412997003	1.43658977905554	0	1	0	1
88	call	3.21557977761092	-0.838099789968913	0	1	0	1
89	camera	1.26371072479123	2.36582470437894	0	1	0	1
90	camping	2.22776595413619	1.36918763747798	0	1	0	1
91	candy	0.879458629734542	4.01293314200804	0	1	0	1
92	car	0.645122679792209	0.684883203635135	0	1	0	1
93	careful	4.22588586553998	0.469641950828472	0	1	0	1
94	carrots	18.2179568221535	1.80023044918647	0	1	0	1
95	carry	1.69629406310322	1.16123598224598	0	1	0	1
96	cat	3.55919883925882	1.16585285110765	0	1	0	1
97	catch	1.34566418717067	1.33292972206488	0	1	0	1
98	cereal	2.04361178334762	2.84988928195056	0	1	0	1
99	chair	1.18682979052817	1.39105002246482	0	1	0	1
100	chalk	4.97387648031328	3.66597569674221	0	1	0	1
101	chase	15.462137343127	1.87137179084391	0	1	0	1
102	cheek	0.760503067057802	1.89400650109104	0	1	0	1
103	cheerios	4.97387648031328	3.66597569674221	0	1	0	1
104	cheese	2.10509500892219	1.04466978824647	0	1	0	1
105	child	1.0496180001363	3.57841306715221	0	1	0	1
106	chin	2.75319704474486	2.20651988329782	0	1	0	1
107	chocolate	2.78412349899805	0.581176020969819	0	1	0	1
108	church	1.80170543171783	1.33410209841952	0	1	0	1
109	circus	15.462137343127	1.87137179084391	0	1	0	1
110	clap	2.98199077856443	1.17369701608249	0	1	0	1
111	climb	1.99327550327581	1.30775016973126	0	1	0	1
112	clock	1.63671865576917	-0.321697953529796	0	1	0	1
113	close	1.29048203309367	0.495443977385113	0	1	0	1
114	closet	4.32040670601245	1.2235302866142	0	1	0	1
115	cloud	0.728964759611761	4.56131121820919	0	1	0	1
116	clown	4.97387648031329	3.6659756967422	0	1	0	1
117	coat	0.949023791300201	1.82777774120315	0	1	0	1
118	coffee	2.68411922088086	1.25615485473247	0	1	0	1
119	coke	4.97387648031328	3.66597569674221	0	1	0	1
120	cold	2.21531957849271	1.20273618703119	0	1	0	1
121	comb	2.24914310007478	1.74972025176185	0	1	0	1
122	cook	1.92328023860072	1.40902065965183	0	1	0	1
123	cookie	2.07026929580288	2.83148328513825	0	1	0	1
124	corn	2.1427748315756	2.20458125487044	0	1	0	1
125	couch	2.36775293043524	1.03777933092836	0	1	0	1
126	country	1.08691556131038	2.00880848836112	0	1	0	1
127	cover	2.38821180461296	1.62069975955194	0	1	0	1
128	cow	0.684572615858057	3.82140197609268	0	1	0	1
129	cowboy	2.61638562044877	2.0566045056321	0	1	0	1
130	cracker	4.97387648031328	3.66597569674221	0	1	0	1
131	crayon	4.97387648031328	3.66597569674221	0	1	0	1
132	crib	4.97387648031328	3.66597569674221	0	1	0	1
133	cry	1.13368168890941	1.54304055766483	0	1	0	1
134	cup	1.3416297198243	1.68887247325081	0	1	0	1
135	cut	1.44990204388425	0.899131151933412	0	1	0	1
136	cute	2.13784241339354	0.962290593362165	0	1	0	1
137	daddy	5.34219706421777	1.45630653067373	0	1	0	1
138	dance	2.32759543534925	1.44499643211439	0	1	0	1
139	dark	1.69237125413364	1.1617129312781	0	1	0	1
140	day	2.0424786247501	-0.765112502006562	0	1	0	1
141	deer	0.814185311622878	4.8862093912357	0	1	0	1
142	diaper	3.21388524818672	1.81757521352625	0	1	0	1
143	did	1.80080194450841	-0.666140390653272	0	1	0	1
144	dinner	2.15006590443735	1.66274731701165	0	1	0	1
145	dirty	7.71351719098204	1.63912746207526	0	1	0	1
146	dish	4.97387648031329	3.6659756967422	0	1	0	1
147	doctor	0.716525755735331	3.69884099956278	0	1	0	1
148	dog	1.23846331463925	1.36989783809803	0	1	0	1
149	doll	2.61731181434999	2.05637732856023	0	1	0	1
150	donkey	4.97387648031328	3.6659756967422	0	1	0	1
151	donut	4.97387648031328	3.66597569674221	0	1	0	1
152	door	1.2120670758513	0.382573882270835	0	1	0	1
153	down	2.96654936068074	-0.55334604722698	0	1	0	1
154	downtown	4.97387648031328	3.6659756967422	0	1	0	1
155	draw	1.66184962573798	1.93245605312102	0	1	0	1
156	drawer	1.93688895618007	2.11247897916427	0	1	0	1
157	dress	1.24248543453104	1.61217905658034	0	1	0	1
158	drive	2.59757993966877	0.885088470231146	0	1	0	1
159	drop	1.5416189371291	1.60529847300539	0	1	0	1
160	dryer	21.0308097538263	1.74807733902341	0	1	0	1
161	duck	4.97387648031328	3.6659756967422	0	1	0	1
162	dump	2.59968169396669	1.50245997649002	0	1	0	1
163	each	0.815086102979322	-0.648638914293186	0	1	0	1
164	ear	0.965470545867832	1.1147281280404	0	1	0	1
165	eat	2.16491259161682	-0.241169605093778	0	1	0	1
166	egg	1.40814249514296	2.24069387717829	0	1	0	1
167	elephant	1.56361871397362	3.29298646800148	0	1	0	1
168	empty	0.875879850968018	1.59232173751676	0	1	0	1
169	every	3.6267026582969	-0.829663406044602	0	1	0	1
170	eye	1.60582670532105	1.37119558809508	0	1	0	1
171	face	1.99487816087917	0.165776180330772	0	1	0	1
172	fall	1.0583099868558	0.605003725090106	0	1	0	1
173	farm	3.63667246765207	1.67577437778703	0	1	0	1
174	fast	1.13672560688123	1.05527381557569	0	1	0	1
175	feed	1.41228097706087	1.20791956984756	0	1	0	1
176	find	1.83711701290215	-0.79580627724711	0	1	0	1
177	fine	1.51194475528289	2.00800562450708	0	1	0	1
178	finger	1.3137260219177	0.704642089230133	0	1	0	1
179	finish	2.58716137098171	0.571851998235707	0	1	0	1
180	fireman	4.97387648031328	3.66597569674221	0	1	0	1
181	firetruck	4.97387648031328	3.66597569674221	0	1	0	1
182	first	1.82395278607483	0.341613270170747	0	1	0	1
183	fit	1.86915044893404	0.968882589164994	0	1	0	1
184	fix	1.67539054915059	0.795564994659726	0	1	0	1
185	flag	0.756287583020245	4.44554148050715	0	1	0	1
186	flower	0.986687157090798	2.98590512863242	0	1	0	1
187	food	1.46125719256155	1.63537309337017	0	1	0	1
188	foot	0.790364011374666	1.68357788670551	0	1	0	1
189	for.	1.2506640035534	-2.3006728392137	0	1	0	1
190	fork	3.4236048080043	1.52092046531526	0	1	0	1
191	friend	1.5471793179157	0.702348800465115	0	1	0	1
192	frog	4.97387648031328	3.66597569674221	0	1	0	1
193	full	0.889966017819206	0.359586723081473	0	1	0	1
194	game	1.08347202912476	-0.105278432820458	0	1	0	1
195	garage	1.16004423769859	1.52839628546809	0	1	0	1
196	garbage	4.69211002839636	1.70706455891144	0	1	0	1
197	garden	2.00186355122591	1.81054412312644	0	1	0	1
198	gentle	4.97387648031328	3.6659756967422	0	1	0	1
199	get	1.94349054048541	-2.21206385465712	0	1	0	1
200	giraffe	15.4877315568957	1.87125089005613	0	1	0	1
201	girl	1.6719480670978	-0.314739216128718	0	1	0	1
202	give	2.5043846575628	-1.48690836088321	0	1	0	1
203	glass	1.90471193259522	1.22870228521419	0	1	0	1
204	glasses	3.59257681765125	1.43693014194444	0	1	0	1
205	gloves	1.3508817534786	2.73887210263551	0	1	0	1
206	glue	4.97387648031327	3.66597569674221	0	1	0	1
207	go	1.76740916731783	-1.79616626268265	0	1	0	1
208	good	1.75338140079619	-0.811357792891806	0	1	0	1
209	goose	4.97387648031328	3.6659756967422	0	1	0	1
210	grandma	1.68302585708174	1.79234661823214	0	1	0	1
211	grandpa	2.7062984115247	1.18059874612755	0	1	0	1
212	grapes	4.97387648031329	3.6659756967422	0	1	0	1
213	grass	2.20439538991138	1.75946232101806	0	1	0	1
214	green	0.635702796696649	1.92335399883042	0	1	0	1
215	grrr	4.97387648031328	3.66597569674221	0	1	0	1
216	gum	0.793548011976394	4.30061588183632	0	1	0	1
217	hair	2.38406600250049	0.00177256191806798	0	1	0	1
218	hamburger	2.04350377358782	2.8499648627909	0	1	0	1
219	hammer	1.72371761974057	1.77746778978187	0	1	0	1
220	hand	1.16948645034432	0.601208313047736	0	1	0	1
221	happy	2.9987373780363	0.890963956305874	0	1	0	1
222	hard	1.19355992466469	0.156841328503466	0	1	0	1
223	hat	3.66357292028643	1.67381920863093	0	1	0	1
224	hate	1.66663292494798	0.325629159572315	0	1	0	1
225	have	1.45072839417324	-1.71706459547868	0	1	0	1
226	he	0.914639319359885	-1.95233573519059	0	1	0	1
227	head	1.78189402659395	-0.0693177594319666	0	1	0	1
228	hear	4.32740771922033	-0.651564484759201	0	1	0	1
229	heavy	1.27014762720884	2.35955822266987	0	1	0	1
230	helicopter	15.462137343127	1.87137179084391	0	1	0	1
231	hello	1.87822558220592	0.96855403742885	0	1	0	1
232	help	2.386147641075	-0.218316975028594	0	1	0	1
233	hen	4.97387648031328	3.66597569674221	0	1	0	1
234	her	1.00123178883175	-0.39316360882395	0	1	0	1
235	here	1.92019960747287	-0.0494823916205963	0	1	0	1
236	hers	4.97387648031328	3.6659756967422	0	1	0	1
237	hi	4.96730486231336	0.918169220574153	0	1	0	1
238	hide	2.13291774942006	1.47014624590487	0	1	0	1
239	high	1.33461055838282	1.4498947813003	0	1	0	1
240	him	1.12150952845222	-0.744255125729584	0	1	0	1
241	his	1.67511066304539	-1.27965577978098	0	1	0	1
242	hit	2.76545365074497	0.498054078427587	0	1	0	1
243	hold	1.76441575818104	0.0347985072260509	0	1	0	1
244	home	1.90982171767588	0.0544827917859027	0	1	0	1
245	horse	0.943701148656987	2.79868811256434	0	1	0	1
246	hose	4.97387648031327	3.66597569674221	0	1	0	1
247	hot	1.68964682514269	0.328050355874644	0	1	0	1
248	house	1.75591550847246	0.136978902006405	0	1	0	1
249	how	2.27914758821552	-0.739302669469187	0	1	0	1
250	hug	1.31068555645928	0.912749864285203	0	1	0	1
251	hungry	1.7278723187159	1.65866426482245	0	1	0	1
252	hurry	4.14081589407623	0.907945874615767	0	1	0	1
253	hurt	1.37012659532496	0.703253762232844	0	1	0	1
254	ice	1.73023122621029	0.0298009005250267	0	1	0	1
255	inside	1.46508251412554	0.897980219159649	0	1	0	1
256	into	2.0146070802651	-1.54648577138056	0	1	0	1
257	it	1.77079742357253	-1.79511069000227	0	1	0	1
258	jacket	1.61733621692014	2.10422505475974	0	1	0	1
259	jar	18.2179568221535	1.80023044918647	0	1	0	1
260	jeans	3.92117231875038	0.619889048280539	0	1	0	1
261	jello	4.97387648031328	3.66597569674221	0	1	0	1
262	jelly	3.61808332417673	1.43587392801864	0	1	0	1
263	juice	3.59659314221412	1.16554808291605	0	1	0	1
264	jump	0.985580983429972	1.23481867618422	0	1	0	1
265	keys	3.6735815633041	1.67310093353761	0	1	0	1
266	kick	3.09512810359642	1.38620765343577	0	1	0	1
267	kiss	1.07860105090273	0.488086983243107	0	1	0	1
268	kitchen	1.97038140300259	0.624940165082851	0	1	0	1
269	kitty	2.07026929580288	2.83148328513825	0	1	0	1
270	knee	1.52444294167104	1.85989833313623	0	1	0	1
271	knife	4.00763371046796	1.35460280906913	0	1	0	1
272	knock	4.2887387832649	0.295078900537716	0	1	0	1
273	ladder	1.86041746024201	1.98999772791124	0	1	0	1
274	lady	1.9699686316721	0.965705787588002	0	1	0	1
275	lamb	4.97387648031328	3.6659756967422	0	1	0	1
276	lamp	0.527990623258838	4.21415320542525	0	1	0	1
277	last	2.33565125940045	-0.877876442525995	0	1	0	1
278	later	0.747118946984686	1.25113109993596	0	1	0	1
279	leg	3.16007674492227	1.45855259299223	0	1	0	1
280	lick	5.17881864594478	1.5283462675299	0	1	0	1
281	light	3.55377585924554	1.03420305607262	0	1	0	1
282	like	2.16522926634385	-1.1953192925564	0	1	0	1
283	lion	4.97387648031328	3.6659756967422	0	1	0	1
284	lips	3.16048795085095	0.822078175968815	0	1	0	1
285	listen	1.61583851570633	0.32018448707573	0	1	0	1
286	little	0.998395397999468	0.12004426458158	0	1	0	1
287	lollipop	4.97387648031328	3.66597569674221	0	1	0	1
288	long	1.30291894599771	-0.283252343286865	0	1	0	1
289	look	1.97251674305949	-0.508502268781658	0	1	0	1
290	loud	1.34395006784272	1.01242912841439	0	1	0	1
291	love	2.47386019984049	-0.0978322692150412	0	1	0	1
292	lunch	2.29441094388164	0.88181596660685	0	1	0	1
293	mad	1.90071834370689	1.31948562594502	0	1	0	1
294	mailman	4.97387648031328	3.66597569674221	0	1	0	1
295	make	1.69750558112795	-0.822945718109807	0	1	0	1
296	man	0.830108269372638	0.220345750610735	0	1	0	1
297	me	2.15465873017907	-1.52421005041575	0	1	0	1
298	meat	2.60507131051597	1.50191035845973	0	1	0	1
299	medicine	4.97387648031328	3.66597569674221	0	1	0	1
300	melon	4.97387648031328	3.66597569674221	0	1	0	1
301	meow	21.0308097538262	1.74807733902341	0	1	0	1
302	milk	0.928750968752385	1.8488825309046	0	1	0	1
303	mine	6.70013471731218	1.57101983907745	0	1	0	1
304	mittens	4.97387648031328	3.66597569674221	0	1	0	1
305	mommy	1.34018517715321	2.50049400563329	0	1	0	1
306	money	1.60809126716623	0.70292500222437	0	1	0	1
307	monkey	3.92137815993009	2.0011755261281	0	1	0	1
308	moo	21.0308097538262	1.74807733902341	0	1	0	1
309	moon	1.35261417240733	1.33081091985224	0	1	0	1
310	moose	18.20745349339	1.80023139938619	0	1	0	1
311	mop	15.4787256352397	1.87129338145457	0	1	0	1
312	more	2.34512553445187	-0.733442328786768	0	1	0	1
313	morning	2.30346219713819	-0.880486248680596	0	1	0	1
314	motorcycle	2.04361178334762	2.84988928195056	0	1	0	1
315	mouse	4.97387648031328	3.66597569674221	0	1	0	1
316	mouth	1.51064542183508	-0.116930284611485	0	1	0	1
317	movie	1.12946133694601	0.828069848746001	0	1	0	1
318	much	3.43194194267596	-1.15350728852349	0	1	0	1
319	muffin	4.97387648031328	3.6659756967422	0	1	0	1
320	my	1.16517396713469	-1.16824024391472	0	1	0	1
321	myself	2.45942486492072	0.647393366784942	0	1	0	1
322	nail	1.0372428755356	3.20286924666298	0	1	0	1
323	nap	1.91382340792153	0.967352115847854	0	1	0	1
324	napkin	2.07026929580288	2.83148328513825	0	1	0	1
325	naughty	4.97387648031328	3.66597569674221	0	1	0	1
326	necklace	1.68759762028187	2.23636792552177	0	1	0	1
327	new	0.851634830594219	0.0877816805721336	0	1	0	1
328	nice	2.8734294697391	0.418646589561437	0	1	0	1
329	night	1.67523759621627	-0.560104953801193	0	1	0	1
330	no	0.827721260997656	0.906483962705816	0	1	0	1
331	noisy	2.07026929580288	2.83148328513825	0	1	0	1
332	none	2.11261458458295	0.880971109953907	0	1	0	1
333	noodles	4.97387648031328	3.66597569674221	0	1	0	1
334	nose	2.86635214286876	1.32280189159057	0	1	0	1
335	not	1.77079742357253	-1.79511069000227	0	1	0	1
336	now	1.73035180908434	0.705004895505987	0	1	0	1
337	nurse	4.97387648031328	3.66597569674221	0	1	0	1
338	nuts	4.97387648031328	3.66597569674221	0	1	0	1
339	of	1.10941026580818	-2.43518416729521	0	1	0	1
340	off	1.37291788636008	-0.384988120145797	0	1	0	1
341	old	1.43862990207214	0.503451316921993	0	1	0	1
342	on	1.60591408929086	-2.3500699676959	0	1	0	1
343	open	1.8493882485411	0.882625389830625	0	1	0	1
344	other	1.43525996965286	-1.35944855297238	0	1	0	1
345	ouch	4.97387648031328	3.66597569674221	0	1	0	1
346	our	1.43722219915095	-1.19485389330472	0	1	0	1
347	out	1.94408064600051	-1.22405581684129	0	1	0	1
348	outside	3.12501831615919	1.72158079577282	0	1	0	1
349	oven	2.77480796026513	1.32751036702339	0	1	0	1
350	over	3.73585454659118	-0.388311966256468	0	1	0	1
351	owl	1.26487483023751	2.36468625278948	0	1	0	1
352	paint	1.52479415358459	2.00082827604883	0	1	0	1
353	pajamas	4.97387648031328	3.6659756967422	0	1	0	1
354	pancake	4.97387648031328	3.6659756967422	0	1	0	1
355	pants	3.46651761075063	0.898226547308749	0	1	0	1
356	paper	1.01173750876981	2.26402282557822	0	1	0	1
357	park	2.06091523037738	1.21399783486285	0	1	0	1
358	party	1.52299032561901	1.28728995164178	0	1	0	1
359	pattycake	4.97387648031328	3.66597569674221	0	1	0	1
360	peas	4.97387648031328	3.6659756967422	0	1	0	1
361	peekaboo	4.97387648031328	3.66597569674221	0	1	0	1
362	pen	1.03308763930031	3.21096257063128	0	1	0	1
363	pencil	2.04350377358782	2.8499648627909	0	1	0	1
364	penguin	4.97387648031328	3.66597569674221	0	1	0	1
365	penis	0.880032538446184	3.21376778277851	0	1	0	1
366	penny	15.4787256352397	1.87129338145457	0	1	0	1
367	people	1.1809810754146	-0.321523616504354	0	1	0	1
368	person	1.28522060710548	-0.411671635918815	0	1	0	1
369	pick	2.05419806935465	-0.627458005862962	0	1	0	1
370	pickle	4.97387648031328	3.66597569674221	0	1	0	1
371	picnic	1.22133518232096	2.21911328281907	0	1	0	1
372	picture	1.20551576031852	1.38311234345447	0	1	0	1
373	pig	2.04361178334762	2.84988928195056	0	1	0	1
374	pillow	1.03823463544101	3.20094713979165	0	1	0	1
375	pizza	3.27656164722737	1.93347606642397	0	1	0	1
376	plant	15.462137343127	1.87137179084391	0	1	0	1
377	plate	1.2140495941193	2.2259297269526	0	1	0	1
378	play	2.6196964134737	0.123374422997153	0	1	0	1
379	playground	4.97387648031328	3.66597569674221	0	1	0	1
380	please	3.03029937451151	0.962523936433404	0	1	0	1
381	police	1.61312900326989	1.07680925374176	0	1	0	1
382	pony	2.07407773820404	2.46243613757844	0	1	0	1
383	pool	0.755493080852671	3.23933025943883	0	1	0	1
384	poor	1.72109018706511	2.2172687452838	0	1	0	1
385	popcorn	15.4918024560543	1.87123170028276	0	1	0	1
386	popsicle	4.97387648031328	3.66597569674221	0	1	0	1
387	porch	1.67184646769564	1.25949834554294	0	1	0	1
388	potato	1.40612374734739	1.78569743795833	0	1	0	1
389	potty	4.97387648031328	3.66597569674221	0	1	0	1
390	pour	3.1213114625733	0.672762849149694	0	1	0	1
391	present	3.13173191190162	1.72085251193793	0	1	0	1
392	pretend	3.55722958768094	1.59378273836271	0	1	0	1
393	pretty	2.10301957606845	0.545205001510074	0	1	0	1
394	pretzel	4.97387648031328	3.66597569674221	0	1	0	1
395	pudding	4.97387648031328	3.66597569674221	0	1	0	1
396	pull	0.867068271069826	0.756932323585628	0	1	0	1
397	pumpkin	1.35377023943801	3.06556255321153	0	1	0	1
398	puppy	5.63020708107232	1.76886937455781	0	1	0	1
399	purse	2.1415151604108	2.42850546574296	0	1	0	1
400	push	1.75560014983574	1.54222735498535	0	1	0	1
401	put	3.17249818259422	-0.839189555635318	0	1	0	1
402	puzzle	15.4787256352397	1.87129338145457	0	1	0	1
403	quiet	2.21973629336218	2.01089442678965	0	1	0	1
404	radio	0.80700250924646	3.09734774576301	0	1	0	1
405	rain	0.951096859248534	1.98671302888468	0	1	0	1
406	raisin	4.97387648031328	3.66597569674221	0	1	0	1
407	read	2.00692835647441	-0.147160726957796	0	1	0	1
408	red	1.77629581509166	1.06203527856572	0	1	0	1
409	refrigerator	1.07672312197062	2.58468571822574	0	1	0	1
410	ride	2.15995342914038	0.182867286377078	0	1	0	1
411	rip	3.87590691523382	2.00634687744686	0	1	0	1
412	rock	1.13187243198066	3.41335931322847	0	1	0	1
413	roof	1.08758980967069	1.7082330369032	0	1	0	1
414	room	2.15030106479311	0.548031716161188	0	1	0	1
415	rooster	0.886408284760611	3.19855681472295	0	1	0	1
416	run	1.94605270923104	0.966371765286533	0	1	0	1
417	sad	1.18616701344074	2.08049700905086	0	1	0	1
418	salt	1.66461560957713	2.07888493598294	0	1	0	1
419	same	1.81896181324165	-1.24648084091458	0	1	0	1
420	sandbox	4.97387648031328	3.66597569674221	0	1	0	1
421	sandwich	3.28211220396653	1.9326982107257	0	1	0	1
422	sauce	1.34961945376536	1.4443818024292	0	1	0	1
423	say	1.28429110036578	-1.43221170433683	0	1	0	1
424	scared	2.12873136022328	0.632391967956931	0	1	0	1
425	scarf	38.1657288249669	1.23735079591134	0	1	0	1
426	school	1.86168074811694	0.438768397574692	0	1	0	1
427	scissors	3.87590691002845	2.0063468779928	0	1	0	1
428	see	1.21370033182897	-0.840514709749899	0	1	0	1
429	shake	1.26770749691472	0.706297625260422	0	1	0	1
430	share	1.222516398571	1.259476735083	0	1	0	1
431	she	1.28451007882971	-1.1037789661613	0	1	0	1
432	sheep	0.827418766809664	3.71337675896876	0	1	0	1
433	shush	4.97387648031327	3.66597569674221	0	1	0	1
434	shirt	1.55561534835965	0.797352556949337	0	1	0	1
435	shoe	0.962602730904128	3.78222508339768	0	1	0	1
436	shopping	2.55766885810815	0.808285589853521	0	1	0	1
437	shorts	2.19827413736009	1.76083397161526	0	1	0	1
438	shoulder	1.38406279637259	0.601984009117074	0	1	0	1
439	shovel	4.69210943865398	1.70706458519064	0	1	0	1
440	show	2.23325389062406	-0.120649131135293	0	1	0	1
441	shower	3.86439470716356	0.835829146877248	0	1	0	1
442	sick	1.2022049729598	2.06667258038609	0	1	0	1
443	sidewalk	2.07407773820404	2.46243613757844	0	1	0	1
444	sing	1.4444288118503	0.403038979909146	0	1	0	1
445	sink	3.01790056394339	1.54931304812318	0	1	0	1
446	sister	1.56114191933051	0.510914797298556	0	1	0	1
447	sit	5.0108815006392	-0.488260187741704	0	1	0	1
448	skate	4.97387648031328	3.66597569674221	0	1	0	1
449	sky	1.22228366120874	0.0482794643361297	0	1	0	1
450	sled	4.97387648031328	3.66597569674221	0	1	0	1
451	sleep	3.03594242789398	0.338992504807014	0	1	0	1
452	sleepy	4.97387648031328	3.66597569674221	0	1	0	1
453	slipper	4.97387648031328	3.66597569674221	0	1	0	1
454	slow	1.4965462245898	2.59269766924987	0	1	0	1
455	smile	1.79026455902536	1.06100490928566	0	1	0	1
456	snack	2.07026929580288	2.83148328513825	0	1	0	1
457	sneaker	4.97387648031328	3.66597569674221	0	1	0	1
458	snow	3.2264336224842	1.61813954247099	0	1	0	1
459	snowman	15.4877315568957	1.87125089005613	0	1	0	1
460	snowsuit	4.97387648031328	3.66597569674221	0	1	0	1
461	soap	0.946046148503585	3.82505385292541	0	1	0	1
462	sock	4.97387648031328	3.66597569674221	0	1	0	1
463	soda	15.4621373431269	1.87137179084391	0	1	0	1
464	sofa	2.00311375912939	1.49079877007726	0	1	0	1
465	soft	0.686421036891465	3.16207295455004	0	1	0	1
466	some	52.0528486759867	-0.50513545483648	0	1	0	1
467	soup	3.87571373968957	2.00636909810895	0	1	0	1
468	spaghetti	3.92137901290559	2.00117543085375	0	1	0	1
469	spill	1.60067182147686	1.7012111729542	0	1	0	1
470	splash	1.03499845004099	3.20723259861668	0	1	0	1
471	spoon	4.97387648031328	3.66597569674221	0	1	0	1
472	sprinkler	4.97387648031328	3.66597569674221	0	1	0	1
473	squirrel	1.3560188916008	2.7331376262725	0	1	0	1
474	stairs	1.93803051438055	0.44480918055468	0	1	0	1
475	stand	1.84744893312201	0.619209183746582	0	1	0	1
476	star	4.20884084803251	1.83830249425407	0	1	0	1
477	stay	1.94464508073385	-0.642580958663751	0	1	0	1
478	stick	3.89697206788278	1.35731802388219	0	1	0	1
479	sticky	2.07407773820404	2.46243613757844	0	1	0	1
480	stone	1.51601968631533	2.00571368254765	0	1	0	1
481	stop	1.48157521705905	0.702174743604482	0	1	0	1
482	store	1.95965355405155	1.05078922987591	0	1	0	1
483	story	1.38747129157046	0.602055116890712	0	1	0	1
484	stove	0.864768604149902	3.60439633900624	0	1	0	1
485	strawberry	1.38609457356266	3.53095267682907	0	1	0	1
486	street	4.01694436842935	0.838396003892303	0	1	0	1
487	stroller	4.97387648031328	3.66597569674221	0	1	0	1
488	stuck	2.01939263451712	1.3047312538049	0	1	0	1
489	sun	1.18948566127572	1.04199297755915	0	1	0	1
490	sweater	2.2882122986621	1.99078497293265	0	1	0	1
491	sweep	2.62863166473224	2.05361631508392	0	1	0	1
492	swim	2.1124925118914	1.47316437434659	0	1	0	1
493	table	1.9749833947806	0.26116847790745	0	1	0	1
494	take	2.11839747963098	-1.20043487813869	0	1	0	1
495	talk	5.73646959538247	0.111340064211722	0	1	0	1
496	tape	0.641463675137554	1.91205084867771	0	1	0	1
497	taste	1.61200381726027	1.07693196803472	0	1	0	1
498	teacher	1.05102090900899	2.04416679331833	0	1	0	1
499	tear	1.06936540722475	2.38335158020907	0	1	0	1
500	telephone	3.35460652103547	1.52510879457515	0	1	0	1
501	that	1.90157995098229	-1.56873797632836	0	1	0	1
502	their	1.08419912018819	-1.57013756209697	0	1	0	1
503	them	3.11808432151486	-1.15373221176226	0	1	0	1
504	there	2.05472631788282	-0.497294947575225	0	1	0	1
505	these	3.22733784566782	-0.407312795392228	0	1	0	1
506	they	2.19380806923278	-1.35176362536598	0	1	0	1
507	think	1.72985933755543	-1.43283867204391	0	1	0	1
508	thirsty	1.03823463544161	3.2009471397905	0	1	0	1
509	this	1.64111847844347	-1.45788491901221	0	1	0	1
510	those	1.42254340478984	-0.37131892560174	0	1	0	1
511	throw	2.64015654516178	-0.0846610059325136	0	1	0	1
512	tickle	1.87408898552564	1.51531366615364	0	1	0	1
513	tiger	21.0088332288746	1.74802515789401	0	1	0	1
514	tights	4.97387648031328	3.6659756967422	0	1	0	1
515	time	2.98518659907905	-1.15505245789105	0	1	0	1
516	tiny	0.956303686900942	1.66888412104998	0	1	0	1
517	tired	1.99059088423531	0.711967724718658	0	1	0	1
518	tissue	18.2060148395898	1.80023152986544	0	1	0	1
519	to	1.11088877670957	-2.4335671723178	0	1	0	1
520	toast	3.87571373968957	2.00636909810895	0	1	0	1
521	today	7.18986285313817	1.37288189607329	0	1	0	1
522	toe	15.4918024560543	1.87123170028276	0	1	0	1
523	tomorrow	2.50232165237765	0.883890216323624	0	1	0	1
524	tongue	1.14559136574467	1.53631910800304	0	1	0	1
525	tonight	2.94946322158159	1.17437369334923	0	1	0	1
526	too	1.42589853122331	0.702469123552887	0	1	0	1
527	tooth	0.960297509603816	2.53744156234771	0	1	0	1
528	toothbrush	4.97387648031328	3.66597569674221	0	1	0	1
529	touch	1.61351978074407	1.26946754057643	0	1	0	1
530	towel	1.44864143150554	1.89869824554861	0	1	0	1
531	toy	0.794333133850318	4.29770848379732	0	1	0	1
532	tractor	2.07026929580288	2.83148328513825	0	1	0	1
533	train	4.2153359246919	1.83782909760863	0	1	0	1
534	trash	5.19380448287833	1.33510292632009	0	1	0	1
535	tray	4.97387648031328	3.66597569674221	0	1	0	1
536	tree	1.69586300461935	0.704312422401917	0	1	0	1
537	tricycle	4.97387648031328	3.66597569674221	0	1	0	1
538	truck	1.13362922150698	2.74477490659483	0	1	0	1
539	tummy	15.4877315568957	1.87125089005613	0	1	0	1
540	tuna	1.57254454625595	2.52813267571244	0	1	0	1
541	turkey	4.97387648031328	3.66597569674221	0	1	0	1
542	turtle	15.4918024560543	1.87123170028276	0	1	0	1
543	uncle	0.985120528172262	2.29858013497042	0	1	0	1
544	under	4.11589760466713	-0.137805851886098	0	1	0	1
545	underpants	4.97387648031327	3.66597569674221	0	1	0	1
546	up	1.09217110660041	-1.21611421979329	0	1	0	1
547	us	2.678481230538	-0.570158889956169	0	1	0	1
548	vacuum	1.67211248872627	0.326208445190685	0	1	0	1
549	vagina	3.36658707220925	1.52436491804816	0	1	0	1
550	vanilla	2.27260951991308	1.28081273970074	0	1	0	1
551	vitamins	4.97387648031327	3.66597569674221	0	1	0	1
552	vroom	4.97387648031328	3.66597569674221	0	1	0	1
553	wait	1.57186498689789	0.414322464113394	0	1	0	1
554	wake	2.27265975321079	-0.883107934629599	0	1	0	1
555	walk	1.72796842735944	-0.188884503067501	0	1	0	1
556	walker	4.97387648031328	3.66597569674221	0	1	0	1
557	wash	2.9121648811074	0.505337276573452	0	1	0	1
558	we	1.60591408929086	-2.3500699676959	0	1	0	1
559	wet	1.51718259553843	2.00506236765472	0	1	0	1
560	what	3.07179368908253	-0.841949330861779	0	1	0	1
561	when	1.83761774438678	-1.40744277788088	0	1	0	1
562	where	3.94890162801692	-0.661683629492642	0	1	0	1
563	which	1.38788838398976	-0.0300565205892963	0	1	0	1
564	white	0.774746212428224	1.53949992574847	0	1	0	1
565	who	2.00761573535483	-0.769688332947688	0	1	0	1
566	why	31.9933180119863	-0.406223106943729	0	1	0	1
567	wind	1.82431525587727	1.14752783785574	0	1	0	1
568	window	2.55897787602448	0.31034362578311	0	1	0	1
569	windy	21.0308097538262	1.74807733902341	0	1	0	1
570	wipe	3.76995572350503	0.902752980308852	0	1	0	1
571	wish	1.27912465059509	0.600587716852814	0	1	0	1
572	with	3.57262034765801	-1.59381395142414	0	1	0	1
573	wolf	0.718394297051286	4.09659129756769	0	1	0	1
574	woods	1.39693622444701	1.42804117433781	0	1	0	1
575	write	1.14547303724599	0.0314724807459564	0	1	0	1
576	yard	2.63352747146209	1.58749336169943	0	1	0	1
577	yellow	0.904573640790662	3.15642646379799	0	1	0	1
578	yes	1.32496588583582	3.62581111071363	0	1	0	1
579	yesterday	18.20745349339	1.80023139938619	0	1	0	1
580	yogurt	4.97387648031328	3.66597569674221	0	1	0	1
581	you	1.69577098898102	-2.04343991224364	0	1	0	1
582	your	1.85040526142833	-1.58031252762144	0	1	0	1
583	yourself	2.88418259841367	0.238128036043939	0	1	0	1
584	yucky	4.97387648031328	3.6659756967422	0	1	0	1
585	zebra	4.97387648031329	3.6659756967422	0	1	0	1
586	zipper	4.97387648031329	3.6659756967422	0	1	0	1
587	zoo	2.1317977742335	0.962380803470744	0	1	0	1
