word	items.a	items.b	items.g	items.u	means	F1
1	about	1.51781650425017	-3.34289963878013	0	1	0	1
2	above	1.71473792821238	-0.0226525687228246	0	1	0	1
3	after	28.1416049131995	-2.79836833786715	0	1	0	1
4	airplane	4.17205217481792	1.66686488152311	0	1	0	1
5	all	11.9806950675051	-1.76772557563878	0	1	0	1
6	alligator	6.7771326052068	2.98722343967587	0	1	0	1
7	animal	1.18479128119148	1.47321243294706	0	1	0	1
8	ankle	6.7771326052068	2.98722343967587	0	1	0	1
9	another	1.80210674037085	-2.61759252472866	0	1	0	1
10	ant	1.88775690117033	2.1114003702084	0	1	0	1
11	any	11.9806950675051	-1.76772557563878	0	1	0	1
12	apple	2.00554056653578	0.335837190240877	0	1	0	1
13	applesauce	6.7771326052068	2.98722343967587	0	1	0	1
14	arm	1.2964364266893	0.658067943514174	0	1	0	1
15	around	1.32795907846293	-0.467697307943492	0	1	0	1
16	asleep	32.3402164616024	-0.244352897619278	0	1	0	1
17	at	13.8689910359332	-3.69532422482317	0	1	0	1
18	aunt	5.88440075584018	1.36805080587937	0	1	0	1
19	awake	60.0704023708668	1.09338444177978	0	1	0	1
20	away	1.38229546163327	-0.885837773796792	0	1	0	1
21	baby	36.8120649251593	0.806463805599004	0	1	0	1
22	babysitter	6.7771326052068	2.98722343967587	0	1	0	1
23	back	0.853934854921307	-2.96464469108208	0	1	0	1
24	backyard	6.7771326052068	2.98722343967587	0	1	0	1
25	bad	3.39519902353889	-1.03967267395058	0	1	0	1
26	ball	1.08716405551869	1.08950246449291	0	1	0	1
27	balloon	6.7771326052068	2.98722343967587	0	1	0	1
28	banana	6.7771326052068	2.98722343967587	0	1	0	1
29	basement	58.1051414030778	1.30514781863154	0	1	0	1
30	basket	2.95476099464345	1.46208910631684	0	1	0	1
31	bat	6.7771326052068	2.98722343967587	0	1	0	1
32	bath	36.8120649251592	0.806463805599006	0	1	0	1
33	bathroom	32.3402164616024	-0.244352897619278	0	1	0	1
34	bathtub	6.77713260520679	2.98722343967588	0	1	0	1
35	beach	1.98750256404207	0.647873163283393	0	1	0	1
36	beads	6.7771326052068	2.98722343967587	0	1	0	1
37	beans	5.8844007558402	1.36805080587937	0	1	0	1
38	bear	0.892864967019351	1.69264257599961	0	1	0	1
39	bed	48.5337117599076	0.325205799634386	0	1	0	1
40	bedroom	2.65378490122434	0.665791779501709	0	1	0	1
41	bee	0.637008834962048	2.08281081887786	0	1	0	1
42	before	0.484033065187911	-0.861299240089637	0	1	0	1
43	behind	11.9806950675051	-1.76772557563878	0	1	0	1
44	belt	60.0704023708669	1.09338444177978	0	1	0	1
45	bench	48.5337117599076	0.325205799634386	0	1	0	1
46	beside	2.42294398169173	0.0299073842512995	0	1	0	1
47	better	1.77772452662919	-0.78663846489125	0	1	0	1
48	bib	6.77713260520678	2.98722343967588	0	1	0	1
49	bicycle	0.993376015672454	2.15465845178987	0	1	0	1
50	big	11.9806950675051	-1.76772557563878	0	1	0	1
51	bird	1.05073245955602	2.82182088090155	0	1	0	1
52	bite	2.25944428680047	1.23015872285474	0	1	0	1
53	black	1.03141184140011	-1.0229874225561	0	1	0	1
54	blanket	1.41128460116513	2.41770433392337	0	1	0	1
55	block	6.7771326052068	2.98722343967587	0	1	0	1
56	blow	6.77713260520678	2.98722343967588	0	1	0	1
57	blue	0.979859986001845	-0.135663512357964	0	1	0	1
58	boat	6.7771326052068	2.98722343967587	0	1	0	1
59	book	1.29041919061985	0.658532386261588	0	1	0	1
60	boots	1.49442130502906	0.98992472480322	0	1	0	1
61	bottle	6.7771326052068	2.98722343967587	0	1	0	1
62	bowl	1.17345501814438	1.47932033440017	0	1	0	1
63	box	0.83994076529474	0.750743222691862	0	1	0	1
64	boy	1.25700749957341	0.292744387437469	0	1	0	1
65	bread	0.836524392659112	2.37808634070893	0	1	0	1
66	break.	1.58771816103326	0.646055760229869	0	1	0	1
67	breakfast	2.27416597746874	0.654532053008647	0	1	0	1
68	bring	1.44687044155975	-0.0558403481670696	0	1	0	1
69	broken	6.77713260520678	2.98722343967588	0	1	0	1
70	broom	6.7771326052068	2.98722343967587	0	1	0	1
71	brother	64.5563121162385	0.0998450215904879	0	1	0	1
72	brown	4.87706680925861	1.18736022267389	0	1	0	1
73	brush	0.882793992564302	1.70329070052977	0	1	0	1
74	bubbles	6.77713260520679	2.98722343967588	0	1	0	1
75	bucket	6.7771326052068	2.98722343967587	0	1	0	1
76	bug	6.77713260520678	2.98722343967588	0	1	0	1
77	build	1.5643403862192	0.646440038920958	0	1	0	1
78	bump	1.00191579017662	2.1445618467059	0	1	0	1
79	bunny	6.7771326052068	2.98722343967587	0	1	0	1
80	bus	0.887030251456386	0.732705142500101	0	1	0	1
81	butter	3.1067566942134	0.380571888271948	0	1	0	1
82	butterfly	6.7771326052068	2.98722343967587	0	1	0	1
83	button	64.5563121162385	0.0998450215904877	0	1	0	1
84	buy	3.39519902353889	-1.03967267395058	0	1	0	1
85	by	28.1416049131995	-2.79836833786715	0	1	0	1
86	bye	2.26266674081055	0.348888485289371	0	1	0	1
87	cake	5.88226121938863	1.36806951571529	0	1	0	1
88	call	58.4447500947271	-0.899500309199138	0	1	0	1
89	camera	6.77713260520678	2.98722343967588	0	1	0	1
90	camping	5.88226121938863	1.36806951571529	0	1	0	1
91	candy	1.88775690117035	2.11140037020839	0	1	0	1
92	car	0.976763512672567	-0.136260970469774	0	1	0	1
93	careful	1.5643734386154	0.646439441130703	0	1	0	1
94	carrots	6.77713260520679	2.98722343967588	0	1	0	1
95	carry	5.69648711949816	0.998347466511074	0	1	0	1
96	cat	5.8844007558402	1.36805080587937	0	1	0	1
97	catch	0.957593502248458	0.710854702724952	0	1	0	1
98	cereal	6.77713260520678	2.98722343967588	0	1	0	1
99	chair	0.967324784279349	1.62173350488842	0	1	0	1
100	chalk	6.7771326052068	2.98722343967587	0	1	0	1
101	chase	4.1720521748179	1.66686488152311	0	1	0	1
102	cheek	6.77713260520678	2.98722343967588	0	1	0	1
103	cheerios	6.77713260520678	2.98722343967588	0	1	0	1
104	cheese	3.07467206287396	1.19540990353497	0	1	0	1
105	child	0.677321672586951	1.39349261364715	0	1	0	1
106	chin	6.7771326052068	2.98722343967587	0	1	0	1
107	chocolate	36.8120649251594	0.806463805599004	0	1	0	1
108	church	48.5337117599076	0.325205799634386	0	1	0	1
109	circus	6.7771326052068	2.98722343967587	0	1	0	1
110	clap	5.88440075584019	1.36805080587937	0	1	0	1
111	climb	48.5337117599076	0.325205799634386	0	1	0	1
112	clock	58.4447500947272	-0.899500309199138	0	1	0	1
113	close	1.09161946990245	0.286734020950452	0	1	0	1
114	closet	0.820987856020617	1.77515478982071	0	1	0	1
115	cloud	6.77713260520679	2.98722343967588	0	1	0	1
116	clown	6.77713260520678	2.98722343967588	0	1	0	1
117	coat	0.836524392659112	2.37808634070893	0	1	0	1
118	coffee	3.68871051524514	0.958546508187117	0	1	0	1
119	coke	6.7771326052068	2.98722343967587	0	1	0	1
120	cold	3.68871051524514	0.958546508187117	0	1	0	1
121	comb	60.0704023708669	1.09338444177978	0	1	0	1
122	cook	2.30569553040338	1.22672270589141	0	1	0	1
123	cookie	6.7771326052068	2.98722343967587	0	1	0	1
124	corn	1.88775690117035	2.11140037020839	0	1	0	1
125	couch	5.88226121938863	1.36806951571529	0	1	0	1
126	country	1.96175192142323	0.950997171761621	0	1	0	1
127	cover	0.633514281640936	2.83778617376246	0	1	0	1
128	cow	5.88226121938862	1.36806951571529	0	1	0	1
129	cowboy	6.77713260520678	2.98722343967588	0	1	0	1
130	cracker	6.77713260520678	2.98722343967588	0	1	0	1
131	crayon	6.7771326052068	2.98722343967587	0	1	0	1
132	crib	4.1720521748179	1.66686488152311	0	1	0	1
133	cry	36.8120649251593	0.806463805599005	0	1	0	1
134	cup	0.84285757256489	0.749533048713734	0	1	0	1
135	cut	1.6981938481067	0.967198296941971	0	1	0	1
136	cute	34.8371021156757	1.19998934925108	0	1	0	1
137	daddy	52.7025870787954	1.49911962753162	0	1	0	1
138	dance	0.838353327868419	0.751407339201143	0	1	0	1
139	dark	1.62830687119684	0.314060208602529	0	1	0	1
140	day	11.9806950675051	-1.76772557563878	0	1	0	1
141	deer	52.7025870787955	1.49911962753162	0	1	0	1
142	diaper	4.1720521748179	1.66686488152311	0	1	0	1
143	did	0.903268609758145	-2.90895114907708	0	1	0	1
144	dinner	3.9633750372518	0.704568473858544	0	1	0	1
145	dirty	1.54812833865563	1.74358044571932	0	1	0	1
146	dish	6.7771326052068	2.98722343967587	0	1	0	1
147	doctor	6.7771326052068	2.98722343967587	0	1	0	1
148	dog	1.98750256404207	0.647873163283393	0	1	0	1
149	doll	6.7771326052068	2.98722343967587	0	1	0	1
150	donkey	1.88775690117035	2.11140037020839	0	1	0	1
151	donut	6.7771326052068	2.98722343967587	0	1	0	1
152	door	1.49227599788004	-0.853507915110276	0	1	0	1
153	down	11.9806950675051	-1.76772557563878	0	1	0	1
154	downtown	6.77713260520678	2.98722343967588	0	1	0	1
155	draw	4.1720521748179	1.66686488152311	0	1	0	1
156	drawer	1.00191579017662	2.1445618467059	0	1	0	1
157	dress	34.8438776805678	1.19998936575753	0	1	0	1
158	drive	2.8319775209368	0.943845727965587	0	1	0	1
159	drop	0.673880900089351	2.00630169522507	0	1	0	1
160	dryer	6.7771326052068	2.98722343967587	0	1	0	1
161	duck	6.7771326052068	2.98722343967587	0	1	0	1
162	dump	1.88775690117033	2.1114003702084	0	1	0	1
163	each	1.12097395877677	-2.08088256147009	0	1	0	1
164	ear	3.07467206287396	1.19540990353497	0	1	0	1
165	eat	2.00427180938916	-0.747739019958259	0	1	0	1
166	egg	6.7771326052068	2.98722343967587	0	1	0	1
167	elephant	52.7025870787955	1.49911962753162	0	1	0	1
168	empty	1.11007508997475	2.0307159946984	0	1	0	1
169	every	2.19480577872572	-2.62836665580963	0	1	0	1
170	eye	1.54812833865546	1.74358044571937	0	1	0	1
171	face	1.24906800348422	-0.488536442201311	0	1	0	1
172	fall	1.71247152622083	-0.390568067915573	0	1	0	1
173	farm	1.54812833865563	1.74358044571932	0	1	0	1
174	fast	1.14398556687322	-0.972152003203729	0	1	0	1
175	feed	3.07467206287396	1.19540990353497	0	1	0	1
176	find	13.8689910359333	-3.69532422482317	0	1	0	1
177	fine	3.07467206287396	1.19540990353497	0	1	0	1
178	finger	0.964660847779587	0.286520773315359	0	1	0	1
179	finish	2.24719126189997	0.653807955562301	0	1	0	1
180	fireman	6.77713260520678	2.98722343967588	0	1	0	1
181	firetruck	6.77713260520679	2.98722343967587	0	1	0	1
182	first	0.32063263195238	0.644437317149094	0	1	0	1
183	fit	32.3402164616024	-0.244352897619278	0	1	0	1
184	fix	2.00549409307218	0.335834685701377	0	1	0	1
185	flag	6.7771326052068	2.98722343967587	0	1	0	1
186	flower	6.77713260520679	2.98722343967588	0	1	0	1
187	food	1.76149018287712	0.645229265290356	0	1	0	1
188	foot	1.29039647140965	0.658534162022545	0	1	0	1
189	for.	13.8689910359333	-3.69532422482317	0	1	0	1
190	fork	4.17205217481792	1.66686488152311	0	1	0	1
191	friend	1.14041269848615	-0.973649708845737	0	1	0	1
192	frog	6.7771326052068	2.98722343967587	0	1	0	1
193	full	2.35758915658565	-1.1579934212097	0	1	0	1
194	game	11.9806950675051	-1.76772557563878	0	1	0	1
195	garage	4.17205217481792	1.66686488152311	0	1	0	1
196	garbage	58.1051414030777	1.30514781863154	0	1	0	1
197	garden	1.18481849373716	1.47319794649178	0	1	0	1
198	gentle	5.69648712167246	0.998347466561726	0	1	0	1
199	get	13.8689910359333	-3.69532422482317	0	1	0	1
200	giraffe	6.7771326052068	2.98722343967587	0	1	0	1
201	girl	58.4447500947272	-0.899500309199138	0	1	0	1
202	give	28.1416049131995	-2.79836833786715	0	1	0	1
203	glass	1.06355592870928	1.54699433315088	0	1	0	1
204	glasses	6.7771326052068	2.98722343967587	0	1	0	1
205	gloves	6.77713260520679	2.98722343967588	0	1	0	1
206	glue	6.77713260520679	2.98722343967588	0	1	0	1
207	go	2.19480577872572	-2.62836665580963	0	1	0	1
208	good	11.9806950675051	-1.76772557563878	0	1	0	1
209	goose	52.7025870787954	1.49911962753162	0	1	0	1
210	grandma	52.7025870787954	1.49911962753162	0	1	0	1
211	grandpa	5.8844007558402	1.36805080587937	0	1	0	1
212	grapes	6.77713260520679	2.98722343967588	0	1	0	1
213	grass	1.88775690117035	2.11140037020839	0	1	0	1
214	green	0.762150405435077	1.85579836171009	0	1	0	1
215	grrr	6.7771326052068	2.98722343967587	0	1	0	1
216	gum	6.77713260520679	2.98722343967587	0	1	0	1
217	hair	2.26266674081055	0.348888485289371	0	1	0	1
218	hamburger	6.77713260520679	2.98722343967587	0	1	0	1
219	hammer	0.713526948329469	1.9336391035896	0	1	0	1
220	hand	1.43191931034323	-0.443056896427629	0	1	0	1
221	happy	4.63856994387362	0.0774584735019532	0	1	0	1
222	hard	4.25988745048863	-0.650608039897655	0	1	0	1
223	hat	1.41128460116513	2.41770433392337	0	1	0	1
224	hate	1.74468311745523	0.645176621527579	0	1	0	1
225	have	13.8689910359333	-3.69532422482317	0	1	0	1
226	he	28.1416049131996	-2.79836833786715	0	1	0	1
227	head	58.4447500947272	-0.899500309199138	0	1	0	1
228	hear	4.25988745048863	-0.650608039897655	0	1	0	1
229	heavy	6.7771326052068	2.98722343967587	0	1	0	1
230	helicopter	6.77713260520679	2.98722343967588	0	1	0	1
231	hello	5.88440075584018	1.36805080587937	0	1	0	1
232	help	3.39519902353889	-1.03967267395058	0	1	0	1
233	hen	6.77713260520679	2.98722343967588	0	1	0	1
234	her	13.8689910359332	-3.69532422482317	0	1	0	1
235	here	2.93334660040991	-0.301922202980133	0	1	0	1
236	hers	0.836510824188235	2.37810939646648	0	1	0	1
237	hi	1.19261062253077	1.05336301735433	0	1	0	1
238	hide	1.37047875097666	0.298714798646547	0	1	0	1
239	high	1.00191579017662	2.1445618467059	0	1	0	1
240	him	28.1416049131995	-2.79836833786715	0	1	0	1
241	his	13.8689910359333	-3.69532422482317	0	1	0	1
242	hit	2.61715822933724	0.664651986465187	0	1	0	1
243	hold	2.26266674081055	0.348888485289371	0	1	0	1
244	home	60.2904999212921	-0.698735118946093	0	1	0	1
245	horse	4.1720521748179	1.66686488152311	0	1	0	1
246	hose	6.7771326052068	2.98722343967587	0	1	0	1
247	hot	1.81459549184014	0.325137139159627	0	1	0	1
248	house	4.25988745048863	-0.650608039897655	0	1	0	1
249	how	11.9806950675051	-1.76772557563878	0	1	0	1
250	hug	32.3402164616024	-0.244352897619278	0	1	0	1
251	hungry	5.69648711949816	0.998347466511074	0	1	0	1
252	hurry	1.33286707056002	1.01803507619537	0	1	0	1
253	hurt	0.726621712214172	-0.183643394229055	0	1	0	1
254	ice	0.957307369354235	-2.85742006487155	0	1	0	1
255	inside	64.5563121162385	0.099845021590488	0	1	0	1
256	into	13.8689910359333	-3.69532422482317	0	1	0	1
257	it	1.80210674037085	-2.61759252472866	0	1	0	1
258	jacket	6.7771326052068	2.98722343967587	0	1	0	1
259	jar	6.7771326052068	2.98722343967587	0	1	0	1
260	jeans	3.68871051524514	0.958546508187117	0	1	0	1
261	jello	6.7771326052068	2.98722343967587	0	1	0	1
262	jelly	5.8844007558402	1.36805080587937	0	1	0	1
263	juice	5.69648711949816	0.998347466511074	0	1	0	1
264	jump	3.0746677807346	1.19540998869397	0	1	0	1
265	keys	1.88775690117033	2.1114003702084	0	1	0	1
266	kick	0.836510824188235	2.37810939646648	0	1	0	1
267	kiss	64.5563121162385	0.0998450215904879	0	1	0	1
268	kitchen	0.317729531784625	-0.228993413373703	0	1	0	1
269	kitty	6.77713260520678	2.98722343967588	0	1	0	1
270	knee	52.7025870787954	1.49911962753162	0	1	0	1
271	knife	0.826381441072295	1.76840066968572	0	1	0	1
272	knock	4.63856994387362	0.0774584735019532	0	1	0	1
273	ladder	1.88775690117035	2.11140037020839	0	1	0	1
274	lady	58.1051414030778	1.30514781863154	0	1	0	1
275	lamb	6.7771326052068	2.98722343967587	0	1	0	1
276	lamp	6.7771326052068	2.98722343967587	0	1	0	1
277	last	28.1416049131995	-2.79836833786715	0	1	0	1
278	later	1.54812833865563	1.74358044571932	0	1	0	1
279	leg	58.1051414030777	1.30514781863154	0	1	0	1
280	lick	6.7771326052068	2.98722343967587	0	1	0	1
281	light	2.26260816850705	0.348885698688268	0	1	0	1
282	like	11.9806950675051	-1.76772557563878	0	1	0	1
283	lion	6.77713260520679	2.98722343967588	0	1	0	1
284	lips	2.93334660040991	-0.301922202980133	0	1	0	1
285	listen	0.534281739580718	-1.44008462861042	0	1	0	1
286	little	39.960196793449	-3.10003875001406	0	1	0	1
287	lollipop	6.7771326052068	2.98722343967587	0	1	0	1
288	long	28.1416049131996	-2.79836833786715	0	1	0	1
289	look	0.897121600697327	-1.09587642399131	0	1	0	1
290	loud	1.18986861595861	0.668197590034965	0	1	0	1
291	love	1.63159875167629	-1.31128015295224	0	1	0	1
292	lunch	2.42294398169173	0.0299073842512995	0	1	0	1
293	mad	4.25988745048863	-0.650608039897655	0	1	0	1
294	mailman	6.7771326052068	2.98722343967587	0	1	0	1
295	make	1.51781656927972	-3.34289963420829	0	1	0	1
296	man	0.943902613907109	-0.589438618336523	0	1	0	1
297	me	13.8689910359333	-3.69532422482317	0	1	0	1
298	meat	1.33286707056002	1.01803507619537	0	1	0	1
299	medicine	6.7771326052068	2.98722343967587	0	1	0	1
300	melon	6.7771326052068	2.98722343967587	0	1	0	1
301	meow	6.7771326052068	2.98722343967587	0	1	0	1
302	milk	0.930380213194892	1.16582777582222	0	1	0	1
303	mine	4.17205217481791	1.66686488152311	0	1	0	1
304	mittens	6.7771326052068	2.98722343967587	0	1	0	1
305	mommy	6.77713260520678	2.98722343967588	0	1	0	1
306	money	32.3402164616024	-0.244352897619278	0	1	0	1
307	monkey	6.7771326052068	2.98722343967587	0	1	0	1
308	moo	6.7771326052068	2.98722343967587	0	1	0	1
309	moon	1.74468311745523	0.645176621527579	0	1	0	1
310	moose	6.77713260520678	2.98722343967588	0	1	0	1
311	mop	6.77713260520678	2.98722343967588	0	1	0	1
312	more	11.9806950675051	-1.76772557563878	0	1	0	1
313	morning	3.39519902353888	-1.03967267395058	0	1	0	1
314	motorcycle	6.7771326052068	2.98722343967587	0	1	0	1
315	mouse	1.88775690117033	2.1114003702084	0	1	0	1
316	mouth	1.32453304331155	-1.40800061031715	0	1	0	1
317	movie	2.27416597746874	0.654532053008647	0	1	0	1
318	much	1.80210674037085	-2.61759252472866	0	1	0	1
319	muffin	6.77713260520678	2.98722343967588	0	1	0	1
320	my	58.4447500947272	-0.899500309199138	0	1	0	1
321	myself	36.8120649251592	0.806463805599004	0	1	0	1
322	nail	6.77713260520678	2.98722343967588	0	1	0	1
323	nap	1.44689399130306	-0.0558370151008103	0	1	0	1
324	napkin	6.77713260520679	2.98722343967588	0	1	0	1
325	naughty	6.7771326052068	2.98722343967587	0	1	0	1
326	necklace	4.1720521748179	1.66686488152311	0	1	0	1
327	new	2.83316551171963	-3.19702277642831	0	1	0	1
328	nice	0.485395954180403	1.07309354420323	0	1	0	1
329	night	1.80210674037085	-2.61759252472866	0	1	0	1
330	no	0.637900942517726	1.44924754312923	0	1	0	1
331	noisy	6.77713260520679	2.98722343967588	0	1	0	1
332	none	11.9806950675051	-1.76772557563878	0	1	0	1
333	noodles	6.7771326052068	2.98722343967587	0	1	0	1
334	nose	2.3056955305598	1.22672270588867	0	1	0	1
335	not	2.19480577872572	-2.62836665580963	0	1	0	1
336	now	1.88775690117035	2.11140037020839	0	1	0	1
337	nurse	6.7771326052068	2.98722343967587	0	1	0	1
338	nuts	6.7771326052068	2.98722343967587	0	1	0	1
339	of	13.8689910359333	-3.69532422482317	0	1	0	1
340	off	1.33087866827441	-0.46696254262151	0	1	0	1
341	old	0.938287591967609	-1.07182045290557	0	1	0	1
342	on	13.8689910359333	-3.69532422482317	0	1	0	1
343	open	1.18481849373716	1.47319794649178	0	1	0	1
344	other	39.960196793449	-3.10003875001406	0	1	0	1
345	ouch	6.7771326052068	2.98722343967587	0	1	0	1
346	our	28.1416049131995	-2.79836833786715	0	1	0	1
347	out	13.8689910359333	-3.69532422482317	0	1	0	1
348	outside	0.633514281640936	2.83778617376246	0	1	0	1
349	oven	1.08716444142715	1.08950231339836	0	1	0	1
350	over	28.1416049131995	-2.79836833786715	0	1	0	1
351	owl	6.77713260520678	2.98722343967588	0	1	0	1
352	paint	1.88775690117033	2.1114003702084	0	1	0	1
353	pajamas	6.7771326052068	2.98722343967587	0	1	0	1
354	pancake	6.77713260520679	2.98722343967588	0	1	0	1
355	pants	2.27416597746874	0.654532053008647	0	1	0	1
356	paper	3.87366602367821	0.39674964149131	0	1	0	1
357	park	0.793150187502064	-0.171529133252567	0	1	0	1
358	party	2.10956603817455	-0.343304814242294	0	1	0	1
359	pattycake	6.77713260520679	2.98722343967588	0	1	0	1
360	peas	6.7771326052068	2.98722343967587	0	1	0	1
361	peekaboo	6.77713260520678	2.98722343967588	0	1	0	1
362	pen	6.77713260520679	2.98722343967587	0	1	0	1
363	pencil	6.77713260520679	2.98722343967588	0	1	0	1
364	penguin	6.77713260520679	2.98722343967587	0	1	0	1
365	penis	6.77713260520679	2.98722343967588	0	1	0	1
366	penny	6.7771326052068	2.98722343967587	0	1	0	1
367	people	1.16932983907588	-0.511621532655076	0	1	0	1
368	person	1.33087866827441	-0.46696254262151	0	1	0	1
369	pick	11.9806950675051	-1.76772557563878	0	1	0	1
370	pickle	6.77713260520679	2.98722343967587	0	1	0	1
371	picnic	1.88775690117033	2.1114003702084	0	1	0	1
372	picture	1.82601326057763	1.27905771392038	0	1	0	1
373	pig	6.7771326052068	2.98722343967587	0	1	0	1
374	pillow	6.77713260520679	2.98722343967587	0	1	0	1
375	pizza	6.77713260520679	2.98722343967588	0	1	0	1
376	plant	1.88775690117033	2.1114003702084	0	1	0	1
377	plate	0.836510824188235	2.37810939646648	0	1	0	1
378	play	1.11605693183368	-1.49682018628468	0	1	0	1
379	playground	6.7771326052068	2.98722343967587	0	1	0	1
380	please	6.77713260520679	2.98722343967588	0	1	0	1
381	police	0.952214298398605	0.712330957220402	0	1	0	1
382	pony	6.77713260520679	2.98722343967587	0	1	0	1
383	pool	64.5563121162385	0.0998450215904879	0	1	0	1
384	poor	1.88775690117035	2.11140037020839	0	1	0	1
385	popcorn	6.7771326052068	2.98722343967587	0	1	0	1
386	popsicle	6.7771326052068	2.98722343967587	0	1	0	1
387	porch	5.69648711949816	0.998347466511074	0	1	0	1
388	potato	6.77713260520679	2.98722343967588	0	1	0	1
389	potty	6.77713260520679	2.98722343967588	0	1	0	1
390	pour	1.08714502098297	1.08950991836793	0	1	0	1
391	present	6.77713260520679	2.98722343967588	0	1	0	1
392	pretend	5.88226121938862	1.36806951571529	0	1	0	1
393	pretty	0.814698370423752	0.296130945231258	0	1	0	1
394	pretzel	6.7771326052068	2.98722343967587	0	1	0	1
395	pudding	6.7771326052068	2.98722343967587	0	1	0	1
396	pull	0.83770189868994	-0.163114788354144	0	1	0	1
397	pumpkin	0.879046720023256	3.11701599269013	0	1	0	1
398	puppy	6.7771326052068	2.98722343967587	0	1	0	1
399	purse	6.7771326052068	2.98722343967587	0	1	0	1
400	push	6.7771326052068	2.98722343967587	0	1	0	1
401	put	11.9806950675051	-1.76772557563878	0	1	0	1
402	puzzle	6.7771326052068	2.98722343967587	0	1	0	1
403	quiet	0.811599828741421	3.26487230315593	0	1	0	1
404	radio	3.0746677807346	1.19540998869397	0	1	0	1
405	rain	1.54812833865546	1.74358044571937	0	1	0	1
406	raisin	6.7771326052068	2.98722343967587	0	1	0	1
407	read	0.72436041058352	-0.68947989451599	0	1	0	1
408	red	1.64143066640936	0.314853526215165	0	1	0	1
409	refrigerator	1.88775690117033	2.1114003702084	0	1	0	1
410	ride	2.10956603817455	-0.343304814242294	0	1	0	1
411	rip	1.00193629010532	2.14453782443833	0	1	0	1
412	rock	2.95476099464345	1.46208910631684	0	1	0	1
413	roof	2.95476099464408	1.4620891063168	0	1	0	1
414	room	64.5563121162385	0.099845021590488	0	1	0	1
415	rooster	6.7771326052068	2.98722343967587	0	1	0	1
416	run	1.26003420632923	0.292890056844513	0	1	0	1
417	sad	1.88775690117035	2.11140037020839	0	1	0	1
418	salt	1.17345501814438	1.47932033440017	0	1	0	1
419	same	28.1416049131995	-2.79836833786715	0	1	0	1
420	sandbox	6.7771326052068	2.98722343967587	0	1	0	1
421	sandwich	52.7025870787954	1.49911962753162	0	1	0	1
422	sauce	2.25944428680047	1.23015872285474	0	1	0	1
423	say	11.9806950675051	-1.76772557563878	0	1	0	1
424	scared	2.61715822933724	0.664651986465187	0	1	0	1
425	scarf	2.77969457345551	0.943300968307105	0	1	0	1
426	school	4.63856994387362	0.0774584735019532	0	1	0	1
427	scissors	6.7771326052068	2.98722343967587	0	1	0	1
428	see	0.743589162657385	-4.0204294508863	0	1	0	1
429	shake	0.697386921055977	0.317121963828463	0	1	0	1
430	share	1.53517945450776	1.33948759818695	0	1	0	1
431	she	13.8689910359332	-3.69532422482317	0	1	0	1
432	sheep	1.88775690117033	2.1114003702084	0	1	0	1
433	shush	6.77713260520679	2.98722343967587	0	1	0	1
434	shirt	4.87706471649636	1.18736021809099	0	1	0	1
435	shoe	0.811599828741421	3.26487230315593	0	1	0	1
436	shopping	5.69648711949816	0.998347466511074	0	1	0	1
437	shorts	52.7025870787954	1.49911962753163	0	1	0	1
438	shoulder	1.1591311490416	-0.102128293169243	0	1	0	1
439	shovel	6.7771326052068	2.98722343967587	0	1	0	1
440	show	1.1165137664427	-1.49659377920191	0	1	0	1
441	shower	4.63856994387362	0.0774584735019532	0	1	0	1
442	sick	1.93675086222612	0.952074216721772	0	1	0	1
443	sidewalk	6.7771326052068	2.98722343967587	0	1	0	1
444	sing	0.706370093882276	0.823051182092627	0	1	0	1
445	sink	58.1051414030775	1.30514781863154	0	1	0	1
446	sister	1.43823855580253	-0.441657130151287	0	1	0	1
447	sit	1.87527101816951	-0.367963454411781	0	1	0	1
448	skate	6.7771326052068	2.98722343967587	0	1	0	1
449	sky	2.42294398169173	0.0299073842512995	0	1	0	1
450	sled	6.7771326052068	2.98722343967587	0	1	0	1
451	sleep	4.63856994387362	0.0774584735019532	0	1	0	1
452	sleepy	6.7771326052068	2.98722343967587	0	1	0	1
453	slipper	6.7771326052068	2.98722343967587	0	1	0	1
454	slow	1.05073245955602	2.82182088090155	0	1	0	1
455	smile	1.29041919061985	0.658532386261588	0	1	0	1
456	snack	6.7771326052068	2.98722343967587	0	1	0	1
457	sneaker	6.7771326052068	2.98722343967587	0	1	0	1
458	snow	2.77969457267186	0.943300968263604	0	1	0	1
459	snowman	6.7771326052068	2.98722343967587	0	1	0	1
460	snowsuit	6.7771326052068	2.98722343967587	0	1	0	1
461	soap	4.17205217481792	1.66686488152311	0	1	0	1
462	sock	6.7771326052068	2.98722343967587	0	1	0	1
463	soda	6.7771326052068	2.98722343967587	0	1	0	1
464	sofa	4.87706471649636	1.18736021809099	0	1	0	1
465	soft	0.811599828741421	3.26487230315593	0	1	0	1
466	some	28.1416049131996	-2.79836833786715	0	1	0	1
467	soup	34.8438776805677	1.19998936575753	0	1	0	1
468	spaghetti	1.88775690117035	2.11140037020839	0	1	0	1
469	spill	5.8844007558402	1.36805080587937	0	1	0	1
470	splash	1.12155848249908	2.01998895078687	0	1	0	1
471	spoon	4.1720521748179	1.66686488152311	0	1	0	1
472	sprinkler	6.7771326052068	2.98722343967587	0	1	0	1
473	squirrel	6.7771326052068	2.98722343967587	0	1	0	1
474	stairs	11.9806950675051	-1.76772557563878	0	1	0	1
475	stand	1.81455678832233	0.325134893206756	0	1	0	1
476	star	1.88775690117035	2.11140037020839	0	1	0	1
477	stay	28.1416049131995	-2.79836833786715	0	1	0	1
478	stick	0.640968950606173	1.44461943627832	0	1	0	1
479	sticky	6.77713260520679	2.98722343967588	0	1	0	1
480	stone	1.05073245955602	2.82182088090155	0	1	0	1
481	stop	1.92371953956882	-0.00265141068748823	0	1	0	1
482	store	0.522265594617048	1.67023811310864	0	1	0	1
483	story	1.24192945997711	-0.490518204939901	0	1	0	1
484	stove	5.88226121938863	1.36806951571529	0	1	0	1
485	strawberry	6.7771326052068	2.98722343967587	0	1	0	1
486	street	1.09548871733297	0.286816440725966	0	1	0	1
487	stroller	6.7771326052068	2.98722343967587	0	1	0	1
488	stuck	1.43470102015484	0.650157052760676	0	1	0	1
489	sun	1.73807882578623	-0.0201828727970223	0	1	0	1
490	sweater	6.7771326052068	2.98722343967587	0	1	0	1
491	sweep	6.7771326052068	2.98722343967587	0	1	0	1
492	swim	34.8438776805678	1.19998936575753	0	1	0	1
493	table	1.64143066640936	0.314853526215165	0	1	0	1
494	take	11.9806950675051	-1.76772557563878	0	1	0	1
495	talk	1.06124274183011	-1.52529051145951	0	1	0	1
496	tape	52.7025870787953	1.49911962753163	0	1	0	1
497	taste	3.9633750372518	0.704568473858544	0	1	0	1
498	teacher	52.7025870787954	1.49911962753162	0	1	0	1
499	tear	52.7025870787954	1.49911962753162	0	1	0	1
500	telephone	2.00168155678632	1.59587371480211	0	1	0	1
501	that	39.960196793449	-3.10003875001406	0	1	0	1
502	their	13.8689910359333	-3.69532422482317	0	1	0	1
503	them	2.83316551171963	-3.19702277642831	0	1	0	1
504	there	11.9806950675051	-1.76772557563878	0	1	0	1
505	these	11.9806950675051	-1.76772557563878	0	1	0	1
506	they	39.960196793449	-3.10003875001406	0	1	0	1
507	think	0.8114187942411	-3.02056444649157	0	1	0	1
508	thirsty	5.8844007558402	1.36805080587937	0	1	0	1
509	this	0.299176192138371	-7.27804654994153	0	1	0	1
510	those	1.59911727217821	-0.825817010881481	0	1	0	1
511	throw	1.25588836108793	-0.486658235787436	0	1	0	1
512	tickle	6.7771326052068	2.98722343967587	0	1	0	1
513	tiger	6.7771326052068	2.98722343967587	0	1	0	1
514	tights	6.7771326052068	2.98722343967587	0	1	0	1
515	time	13.8689910359333	-3.69532422482317	0	1	0	1
516	tiny	0.519266522025769	-0.214731520958823	0	1	0	1
517	tired	1.67914488911962	0.968867072979083	0	1	0	1
518	tissue	6.77713260520679	2.98722343967588	0	1	0	1
519	to	13.8689910359333	-3.69532422482317	0	1	0	1
520	toast	6.7771326052068	2.98722343967587	0	1	0	1
521	today	2.00168114162187	1.59587381176987	0	1	0	1
522	toe	4.17205217481792	1.66686488152311	0	1	0	1
523	tomorrow	1.49292944996742	0.305874111188895	0	1	0	1
524	tongue	2.83230229318486	0.0462463495025227	0	1	0	1
525	tonight	52.7025870787954	1.49911962753162	0	1	0	1
526	too	1.2127092200201	-0.944635843916615	0	1	0	1
527	tooth	6.7771326052068	2.98722343967587	0	1	0	1
528	toothbrush	6.7771326052068	2.98722343967587	0	1	0	1
529	touch	0.924558063233186	1.1693466897343	0	1	0	1
530	towel	1.41128460116513	2.41770433392337	0	1	0	1
531	toy	6.77713260520679	2.98722343967588	0	1	0	1
532	tractor	6.7771326052068	2.98722343967587	0	1	0	1
533	train	6.7771326052068	2.98722343967587	0	1	0	1
534	trash	34.8371021156757	1.19998934925108	0	1	0	1
535	tray	6.7771326052068	2.98722343967587	0	1	0	1
536	tree	48.5337117599076	0.325205799634386	0	1	0	1
537	tricycle	6.7771326052068	2.98722343967587	0	1	0	1
538	truck	6.77713260520679	2.98722343967588	0	1	0	1
539	tummy	6.7771326052068	2.98722343967587	0	1	0	1
540	tuna	1.41128460116513	2.41770433392337	0	1	0	1
541	turkey	6.7771326052068	2.98722343967587	0	1	0	1
542	turtle	6.77713260520679	2.98722343967587	0	1	0	1
543	uncle	5.8844007558402	1.36805080587937	0	1	0	1
544	under	1.33087866827441	-0.46696254262151	0	1	0	1
545	underpants	6.7771326052068	2.98722343967587	0	1	0	1
546	up	0.70942819106242	-2.45390019412734	0	1	0	1
547	us	28.1416049131995	-2.79836833786715	0	1	0	1
548	vacuum	0.783805118251566	-0.659167925788459	0	1	0	1
549	vagina	2.3056955305598	1.22672270588867	0	1	0	1
550	vanilla	0.930365984102712	1.16583630563504	0	1	0	1
551	vitamins	6.7771326052068	2.98722343967587	0	1	0	1
552	vroom	6.77713260520679	2.98722343967588	0	1	0	1
553	wait	1.47232242833911	-0.859071434612032	0	1	0	1
554	wake	2.35758915658565	-1.1579934212097	0	1	0	1
555	walk	60.2904999212923	-0.698735118946091	0	1	0	1
556	walker	6.7771326052068	2.98722343967587	0	1	0	1
557	wash	1.06353466136617	1.5470090865319	0	1	0	1
558	we	39.960196793449	-3.10003875001406	0	1	0	1
559	wet	4.87706471649636	1.18736021809099	0	1	0	1
560	what	3.39519902353889	-1.03967267395058	0	1	0	1
561	when	13.8689910359332	-3.69532422482317	0	1	0	1
562	where	1.18501909270663	-2.05186874427266	0	1	0	1
563	which	1.28841792082653	-0.916913033574628	0	1	0	1
564	white	1.41527742127435	0.65098645367195	0	1	0	1
565	who	1.25890621034035	-2.02349028418317	0	1	0	1
566	why	11.9806950675051	-1.76772557563878	0	1	0	1
567	wind	1.49442130502906	0.98992472480322	0	1	0	1
568	window	1.56557397321426	-0.0399905180944815	0	1	0	1
569	windy	6.7771326052068	2.98722343967587	0	1	0	1
570	wipe	5.8844007558402	1.36805080587937	0	1	0	1
571	wish	1.3427176027546	1.40147763244022	0	1	0	1
572	with	13.8689910359333	-3.69532422482317	0	1	0	1
573	wolf	0.811599828741421	3.26487230315593	0	1	0	1
574	woods	48.5337117599076	0.325205799634386	0	1	0	1
575	write	1.44687044155975	-0.0558403481670696	0	1	0	1
576	yard	1.11007508997475	2.0307159946984	0	1	0	1
577	yellow	1.18481849373716	1.47319794649178	0	1	0	1
578	yes	6.7771326052068	2.98722343967587	0	1	0	1
579	yesterday	6.77713260520679	2.98722343967588	0	1	0	1
580	yogurt	6.77713260520678	2.98722343967588	0	1	0	1
581	you	1.51781651925245	-3.34289963772541	0	1	0	1
582	your	13.8689910359333	-3.69532422482317	0	1	0	1
583	yourself	11.9806950675051	-1.76772557563878	0	1	0	1
584	yucky	6.77713260520678	2.98722343967588	0	1	0	1
585	zebra	6.77713260520679	2.98722343967588	0	1	0	1
586	zipper	6.77713260520679	2.98722343967588	0	1	0	1
587	zoo	34.8371021156757	1.19998934925108	0	1	0	1
